root@7b35b88d6432:/app# LD_AUDIT=./lib_dumper.so ./main flag.png
[TimeWarp] Target 'bin_0' Locked @ 0x55dc66c8e000
[TimeWarp] Captured Original State -> bin0_pre.bin
Wrong!
root@7b35b88d6432:/app# ls
analyze_opcodes.py     dump_ldso.py        main                 steal_keys.py           trigger.c
bin0_dump.bin          extracted_data.bin  main_patched         trace.py                trigger.png
bin0_post.bin          flag.png            parse_rela.py        trace_final_check.py    trigger_dumper.c
bin0_pre.bin           force_turing.py     patch_main.py        trace_honeypot.py       trigger_final_fix.c
brute_value.py         force_turing_v2.py  raid_the_cache.py    trace_machine.py        trigger_hunter.c
catch_env.py           ld_reloc.txt        rela_dump.txt        trace_machine_final.py  trigger_spy.c
catch_running_code.py  lib_dumper.so       rela_logic_dump.txt  trace_password.py       trigger_v2.c
check_key_memory.py    lib_fix.so          relocs.txt           trace_shellcode.py      verify_solution.py
check_modification.py  lib_hunter.so       sniper_trace.py      trace_shellcode_v2.py   vm_assembly.txt
diff_ldso.py           lib_spy.so          solve.py             trace_shellcode_v3.py
dump_addends.py        lib_trigger.so      solve_env.py         trace_turing_flow.py
dump_all_addends.py    lib_trigger_v2.so   solve_final.py       trace_value.py
root@7b35b88d6432:/app# cmp -l bin0_pre.bin bin0_post.bin
 2561   0 110
 2562   0  57
 2563   0   2
 2569   0   2
 2577   0 160
 2578   0 214
 2579   0   7
 2657   0 151
 2658   0 370
 2659   0   7
 2665   0   2
 2673   0 371
 2674   0 115
 2675   0  15
 2753   0 212
 2754   0 301
 2755   0  15
 2761   0   2
 2769   0 132
 2770   0  31
 2771   0  23
 2849   0 253
 2850   0 212
 2851   0  23
 2857   0   2
 2865   0  53
 2866   0 366
 2867   0  30
 2945   0 314
 2946   0 143
 2947   0  31
 2953   0   2
 2961   0 304
 2962   0 272
 2963   0  36
 3041   0 355
 3042   0  54
 3043   0  37
 3049   0   2
 3057   0 355
 3058   0 223
 3059   0  44
 3137   0  16
 3138   0   6
 3139   0  45
 3145   0   2
 3153   0 166
 3154   0 156
 3155   0  52
 3233   0  57
 3234   0 337
 3235   0  52
 3241   0   2
 3249   0 247
 3250   0  72
 3251   0  60
 3329   0 120
 3330   0 250
 3331   0  60
 3337   0   2
 3346   0 377
 3347   0  65
 3425   0 161
 3426   0 161
 3427   0  66
 3433   0   2
 3441   0 201
 3442   0 313
 3443   0  73
 3521   0 222
 3522   0  72
 3523   0  74
 3529   0   2
 3537   0  52
 3538   0 227
 3539   0 101
 3617   0 263
 3618   0   3
 3619   0 102
 3625   0   2
 3633   0 303
 3634   0 146
 3635   0 107
 3713   0 324
 3714   0 334
 3715   0 107
 3721   0   2
 3729   0 314
 3730   0  74
 3731   0 115
 3809   0 365
 3810   0 245
 3811   0 115
 3817   0   2
 3825   0 335
 3827   0 123
 3905   0  26
 3906   0 157
 3907   0 123
 3913   0   2
 3921   0  66
 3922   0 316
 3923   0 130
 4001   0  67
 4002   0  70
 4003   0 131
 4009   0   2
 4017   0  67
 4018   0 226
 4019   0 136
 4097   0 130
 4098   0   1
 4099   0 137
 4105   0   2
 4113   0  70
 4114   0 147
 4115   0 144
 4193   0 171
 4194   0 332
 4195   0 144
 4201   0   2
 4209   0 101
 4210   0  75
 4211   0 152
 4289   0 232
 4290   0 263
 4291   0 152
 4297   0   2
 4305   0 142
 4306   0  15
 4307   0 160
 4385   0 273
 4386   0 174
 4387   0 160
 4393   0   2
 4401   0 313
 4402   0 315
 4403   0 165
 4481   0 334
 4482   0 105
 4483   0 166
 4489   0   2
 4497   0 154
 4498   0 233
 4499   0 173
 4577   0 375
 4578   0  16
 4579   0 174
 4585   0   2
 4593   0  75
 4594   0 157
 4595   0 201
 4673   0  36
 4674   0 350
 4675   0 201
 4681   0   2
 4689   0 316
 4690   0 107
 4691   0 207
 4769   0  77
 4770   0 261
 4771   0 207
 4777   0   2
 4785   0 167
 4786   0  23
 4787   0 215
 4865   0 140
 4866   0 212
 4867   0 215
 4873   0   2
 4881   0 150
 4882   0 335
 4883   0 222
 4961   0 201
 4962   0 123
 4963   0 223
 4969   0   2
 4977   0 261
 4978   0 256
 4979   0 230
 5057   0 242
 5058   0  34
 5059   0 231
 5065   0   2
 5073   0   2
 5074   0 176
 5075   0 236
 5153   0 303
 5154   0 365
 5155   0 236
 5161   0   2
 5169   0 303
 5170   0 112
 5171   0 244
 5249   0 344
 5250   0 276
 5251   0 244
 5257   0   2
 5265   0 164
 5266   0  24
 5267   0 252
 5345   0   5
 5346   0 210
 5347   0 252
 5353   0   2
 5361   0 115
 5362   0 357
 5363   0 257
 5441   0  46
 5442   0 141
 5443   0 260
 5449   0   2
 5457   0 126
 5458   0 305
 5459   0 265
 5537   0 107
 5538   0  72
 5539   0 266
 5545   0   2
 5553   0 307
 5554   0 234
 5555   0 273
 5633   0 150
 5634   0  23
 5635   0 274
 5641   0   2
 5649   0 210
 5650   0 173
 5651   0 301
 5729   0 211
 5730   0 354
 5731   0 301
 5737   0   2
 5745   0 121
 5746   0 106
 5747   0 307
 5825   0 252
 5826   0 265
 5827   0 307
 5833   0   2
 5841   0  32
 5842   0  34
 5843   0 315
 5921   0 313
 5922   0 216
 5923   0 315
 5929   0   2
 5937   0 213
 5938   0 363
 5939   0 322
 6017   0 354
 6018   0 147
 6019   0 323
 6025   0   2
 6033   0 264
 6034   0 312
 6035   0 330
 6113   0  15
 6114   0 101
 6115   0 331
 6121   0   2
 6129   0 135
 6130   0 235
 6131   0 336
 6209   0  56
 6210   0  12
 6211   0 337
 6217   0   2
 6225   0 226
 6226   0 162
 6227   0 344
 6305   0 117
 6306   0 343
 6307   0 344
 6313   0   2
 6321   0  37
 6322   0 104
 6323   0 352
 6401   0 160
 6402   0 274
 6403   0 352
 6409   0   2
 6417   0 360
 6418   0  25
 6419   0 360
 6497   0 221
 6498   0 205
 6499   0 360
 6505   0   2
 6513   0 201
 6514   0 360
 6515   0 365
 6593   0 262
 6594   0 136
 6595   0 366
 6601   0   2
 6609   0 222
 6610   0 273
 6611   0 373
 6689   0 323
 6690   0  47
 6691   0 374
 6697   0   2
 6705   0  73
 6706   0 207
 6707   0   1
 6708   0   1
 6785   0 364
 6786   0 360
 6787   0   1
 6788   0   1
 6793   0   2
 6801   0  54
 6802   0 123
 6803   0   7
 6804   0   1
 6881   0  25
 6882   0 312
 6883   0   7
 6884   0   1
 6889   0   2
 6897   0  65
 6898   0  51
 6899   0  15
 6900   0   1
 6977   0  66
 6978   0 223
 6979   0  15
 6980   0   1
 6985   0   2
 6993   0  36
 6994   0 356
 6995   0  22
 6996   0   1
 7073   0 127
 7074   0 134
 7075   0  23
 7076   0   1
 7081   0   2
 7089   0 107
 7090   0 320
 7091   0  30
 7092   0   1
 7169   0 170
 7170   0 105
 7171   0  31
 7172   0   1
 7177   0   2
 7185   0 270
 7186   0 245
 7187   0  36
 7188   0   1
 7265   0 231
 7266   0  36
 7267   0  37
 7268   0   1
 7273   0   2
 7281   0 311
 7282   0 202
 7283   0  44
 7284   0   1
 7361   0 272
 7362   0 367
 7363   0  44
 7364   0   1
 7369   0   2
 7377   0  12
 7378   0 135
 7379   0  52
 7380   0   1
 7457   0 333
 7458   0 320
 7459   0  52
 7460   0   1
 7465   0   2
 7473   0  63
 7474   0  53
 7475   0  60
 7476   0   1
 7553   0 374
 7554   0 231
 7555   0  60
 7556   0   1
 7561   0   2
 7569   0 304
 7570   0 374
 7571   0  65
 7572   0   1
 7649   0  35
 7650   0 163
 7651   0  66
 7652   0   1
 7657   0   2
 7665   0 105
 7666   0 320
 7667   0  73
 7668   0   1
 7745   0  76
 7746   0  74
 7747   0  74
 7748   0   1
 7753   0   2
 7761   0 166
 7762   0 236
 7763   0 101
 7764   0   1
 7841   0 137
 7842   0  25
 7843   0 102
 7844   0   1
 7849   0   2
 7857   0  77
 7858   0 173
 7859   0 107
 7860   0   1
 7937   0 200
 7938   0 356
 7939   0 107
 7940   0   1
 7945   0   2
 7953   0 170
 7954   0 105
 7955   0 115
 7956   0   1
 8033   0 241
 8034   0 267
 8035   0 115
 8036   0   1
 8041   0   2
 8049   0 271
 8050   0  17
 8051   0 123
 8052   0   1
 8129   0 302
 8130   0 200
 8131   0 123
 8132   0   1
 8137   0   2
 8145   0 362
 8146   0 322
 8147   0 130
 8148   0   1
 8225   0 343
 8226   0 111
 8227   0 131
 8228   0   1
 8233   0   2
 8241   0 273
 8242   0 250
 8243   0 136
 8244   0   1
 8321   0   4
 8322   0  23
 8323   0 137
 8324   0   1
 8329   0   2
 8337   0 134
 8338   0 166
 8339   0 144
 8340   0   1
 8417   0  45
 8418   0 354
 8419   0 144
 8420   0   1
 8425   0   2
 8433   0  55
 8434   0  77
 8435   0 152
 8436   0   1
 8513   0 106
 8514   0 265
 8515   0 152
 8516   0   1
 8521   0   2
 8529   0  76
 8530   0  36
 8531   0 160
 8532   0   1
 8609   0 147
 8610   0 216
 8611   0 160
 8612   0   1
 8617   0   2
 8625   0  57
 8626   0 361
 8627   0 165
 8628   0   1
 8705   0 210
 8706   0 147
 8707   0 166
 8708   0   1
 8713   0   2
 8721   0 270
 8722   0 313
 8723   0 173
 8724   0   1
 8801   0 251
 8802   0 100
 8803   0 174
 8804   0   1
 8809   0   2
 8817   0 201
 8818   0 250
 8819   0 201
 8820   0   1
 8897   0 312
 8898   0  31
 8899   0 202
 8900   0   1
 8905   0   2
 8913   0 302
 8914   0 160
 8915   0 207
 8916   0   1
 8993   0 353
 8994   0 342
 8995   0 207
 8996   0   1
 9001   0   2
 9009   0 173
 9010   0 112
 9011   0 215
 9012   0   1
 9089   0  14
 9090   0 274
 9091   0 215
 9092   0   1
 9097   0   2
 9105   0 304
 9106   0  31
 9107   0 223
 9108   0   1
 9185   0  55
 9186   0 205
 9187   0 223
 9188   0   1
 9193   0   2
 9201   0 375
 9202   0 345
 9203   0 230
 9204   0   1
 9281   0 116
 9282   0 136
 9283   0 231
 9284   0   1
 9289   0   2
 9297   0  66
 9298   0 302
 9299   0 236
 9300   0   1
 9377   0 157
 9378   0  67
 9379   0 237
 9380   0   1
 9385   0   2
 9393   0 177
 9394   0 232
 9395   0 244
 9396   0   1
 9473   0 220
 9474   0  20
 9475   0 245
 9476   0   1
 9481   0   2
 9489   0 220
 9490   0 156
 9491   0 252
 9492   0   1
 9569   0 261
 9570   0 331
 9571   0 252
 9572   0   1
 9577   0   2
 9585   0 301
 9586   0  74
 9587   0 260
 9588   0   1
 9665   0 322
 9666   0 262
 9667   0 260
 9668   0   1
 9673   0   2
 9681   0  52
 9682   0  26
 9683   0 266
 9684   0   1
 9761   0 363
 9762   0 213
 9763   0 266
 9764   0   1
 9769   0   2
 9777   0 353
 9778   0 364
 9779   0 273
 9780   0   1
 9857   0  24
 9858   0 145
 9859   0 274
 9860   0   1
 9865   0   2
 9873   0  54
 9874   0 306
 9875   0 301
 9876   0   1
 9953   0  65
 9954   0  76
 9955   0 302
 9956   0   1
 9961   0   2
 9969   0  45
 9970   0 251
 9971   0 307
 9972   0   1
10049   0 126
10050   0  27
10051   0 310
10052   0   1
10057   0   2
10065   0 226
10066   0 167
10067   0 315
10068   0   1
10145   0 167
10146   0 360
10147   0 315
10148   0   1
10153   0   2
10161   0 267
10162   0 120
10163   0 323
10164   0   1
10241   0 230
10242   0 311
10243   0 323
10244   0   1
10249   0   2
10257   0 250
10258   0  54
10259   0 331
10260   0   1
10337   0 271
10338   0 242
10339   0 331
10340   0   1
10345   0   2
10353   0 371
10354   0  13
10355   0 337
10356   0   1
10433   0 332
10434   0 173
10435   0 337
10436   0   1
10441   0   2
10449   0 272
10450   0 317
10451   0 344
10452   0   1
10529   0 373
10530   0 104
10531   0 345
10532   0   1
10537   0   2
10545   0 163
10546   0 227
10547   0 352
10548   0   1
10625   0  34
10626   0  16
10627   0 353
10628   0   1
10633   0   2
10641   0 264
10642   0 152
10643   0 360
10644   0   1
10721   0  75
10722   0 327
10723   0 360
10724   0   1
10729   0   2
10737   0  35
10738   0  64
10739   0 366
10740   0   1
10817   0 136
10818   0 240
10819   0 366
10820   0   1
10825   0   2
10833   0  26
10834   0   7
10835   0 374
10836   0   1
10913   0 177
10914   0 171
10915   0 374
10916   0   1
10921   0   2
10929   0 177
10930   0 327
10931   0   1
10932   0   2
11009   0 240
11010   0 102
11011   0   2
11012   0   2
11017   0   2
11025   0 130
11026   0 240
11027   0   7
11028   0   2
11105   0 301
11106   0  13
11107   0  10
11108   0   2
11113   0   2
11121   0  61
11122   0 140
11123   0  15
11124   0   2
11201   0 342
11202   0 324
11203   0  15
11204   0   2
11209   0   2
11217   0 202
11218   0  57
11219   0  23
11220   0   2
11297   0   3
11298   0 236
11299   0  23
11300   0   2
11305   0   2
11313   0 113
11314   0 374
11315   0  30
11316   0   2
11393   0  44
11394   0 147
11395   0  31
11396   0   2
11401   0   2
11409   0 344
11410   0 313
11411   0  36
11412   0   2
11489   0 105
11490   0 100
11491   0  37
11492   0   2
11497   0   2
11505   0 275
11506   0 233
11507   0  44
11508   0   2
11585   0 146
11586   0  11
11587   0  45
11588   0   2
11593   0   2
11601   0 116
11602   0 133
11603   0  52
11604   0   2
11681   0 207
11682   0 322
11683   0  52
11684   0   2
11689   0   2
11697   0 317
11698   0  71
11699   0  60
11700   0   2
11777   0 250
11778   0 253
11779   0  60
11780   0   2
11785   0   2
11793   0 210
11794   0  21
11795   0  66
11796   0   2
11873   0 311
11874   0 204
11875   0  66
11876   0   2
11881   0   2
11889   0  11
11890   0 356
11891   0  73
11892   0   2
11969   0 352
11970   0 135
11971   0  74
11972   0   2
11977   0   2
11985   0 322
11986   0 270
11987   0 101
11988   0   2
12065   0  13
12066   0  47
12067   0 102
12068   0   2
12073   0   2
12081   0 173
12082   0 173
12083   0 107
12084   0   2
12161   0  54
12162   0 360
12163   0 107
12164   0   2
12169   0   2
12177   0 204
12178   0 123
12179   0 115
12180   0   2
12257   0 115
12258   0 311
12259   0 115
12260   0   2
12265   0   2
12273   0 165
12274   0  35
12275   0 123
12276   0   2
12353   0 156
12354   0 222
12355   0 123
12356   0   2
12361   0   2
12369   0 356
12370   0 364
12371   0 130
12372   0   2
12449   0 217
12450   0 153
12451   0 131
12452   0   2
12457   0   2
12465   0 307
12466   0 262
12467   0 136
12468   0   2
12545   0 260
12546   0  44
12547   0 137
12548   0   2
12553   0   2
12561   0 300
12562   0 176
12563   0 144
12564   0   2
12641   0 321
12642   0 355
12643   0 144
12644   0   2
12649   0   2
12657   0 361
12658   0 103
12659   0 152
12660   0   2
12737   0 362
12738   0 266
12739   0 152
12740   0   2
12745   0   2
12753   0  32
12754   0  24
12755   0 160
12756   0   2
12833   0  23
12834   0 200
12835   0 160
12836   0   2
12841   0   2
12849   0 223
12850   0 331
12851   0 165
12852   0   2
12929   0  64
12930   0 111
12931   0 166
12932   0   2
12937   0   2
12945   0  24
12946   0 246
12947   0 173
12948   0   2
13025   0 125
13026   0  22
13027   0 174
13028   0   2
13033   0   2
13041   0 115
13042   0 162
13043   0 201
13044   0   2
13121   0 166
13122   0 333
13123   0 201
13124   0   2
13129   0   2
13137   0 266
13138   0  62
13139   0 207
13140   0   2
13217   0 227
13218   0 244
13219   0 207
13220   0   2
13225   0   2
13233   0 377
13234   0   3
13235   0 215
13236   0   2
13313   0 270
13314   0 155
13315   0 215
13316   0   2
13321   0   2
13329   0 120
13330   0 312
13331   0 222
13332   0   2
13409   0 331
13410   0  66
13411   0 223
13412   0   2
13417   0   2
13425   0 231
13426   0 222
13427   0 230
13428   0   2
13505   0 372
13506   0 377
13507   0 230
13508   0   2
13513   0   2
13521   0 162
13522   0 133
13523   0 236
13524   0   2
13601   0  33
13602   0 311
13603   0 236
13604   0   2
13609   0   2
13617   0 163
13618   0  43
13619   0 244
13620   0   2
13697   0  74
13698   0 222
13699   0 244
13700   0   2
13705   0   2
13713   0  44
13714   0 355
13715   0 251
13716   0   2
13793   0 135
13794   0 133
13795   0 252
13796   0   2
13801   0   2
13809   0  75
13810   0 257
13811   0 257
13812   0   2
13889   0 176
13890   0  44
13891   0 260
13892   0   2
13897   0   2
13905   0  76
13906   0 211
13907   0 265
13908   0   2
13985   0 237
13986   0 375
13987   0 265
13988   0   2
13993   0   2
14001   0 147
14002   0 127
14003   0 273
14004   0   2
14081   0 300
14082   0 306
14083   0 273
14084   0   2
14089   0   2
14097   0 110
14098   0  47
14099   0 301
14100   0   2
14177   0 341
14178   0 237
14179   0 301
14180   0   2
14185   0   2
14193   0 371
14194   0  11
14195   0 307
14196   0   2
14273   0   2
14274   0 171
14275   0 307
14276   0   2
14281   0   2
14289   0 222
14290   0 340
14291   0 314
14292   0   2
14369   0  43
14370   0 122
14371   0 315
14372   0   2
14377   0   2
14385   0 233
14386   0 277
14387   0 322
14388   0   2
14465   0 104
14466   0  53
14467   0 323
14468   0   2
14473   0   2
14481   0 104
14482   0 211
14483   0 330
14484   0   2
14561   0 145
14562   0 364
14563   0 330
14564   0   2
14569   0   2
14577   0  15
14578   0 115
14579   0 336
14580   0   2
14657   0 206
14658   0 275
14659   0 336
14660   0   2
14665   0   2
14673   0 176
14674   0  35
14675   0 344
14676   0   2
14753   0 247
14754   0 206
14755   0 344
14756   0   2
14761   0   2
14769   0 227
14770   0 361
14771   0 351
14772   0   2
14849   0 310
14850   0 137
14851   0 352
14852   0   2
14857   0   2
14865   0 350
14866   0 265
14867   0 357
14868   0   2
14945   0 351
14946   0  50
14947   0 360
14948   0   2
14953   0   2
14961   0 171
14962   0 220
14963   0 365
14964   0   2
15041   0  12
15042   0   2
15043   0 366
15044   0   2
15049   0   2
15057   0 202
15058   0 135
15059   0 373
15060   0   2
15137   0  53
15138   0 313
15139   0 373
15140   0   2
15145   0   2
15153   0 263
15154   0  53
15155   0   1
15156   0   3
15233   0 114
15234   0 244
15235   0   1
15236   0   3
15241   0   2
15249   0 174
15250   0  10
15251   0   7
15252   0   3
15329   0 155
15330   0 175
15331   0   7
15332   0   3
15337   0   2
15345   0 155
15346   0 344
15347   0  14
15348   0   3
15425   0 216
15426   0 126
15427   0  15
15428   0   3
15433   0   2
15441   0  56
15442   0 272
15443   0  22
15444   0   3
15521   0 257
15522   0  57
15523   0  23
15524   0   3
15529   0   2
15537   0 147
15538   0 215
15539   0  30
15540   0   3
15617   0 320
15618   0 370
15619   0  30
15620   0   3
15625   0   2
15633   0  60
15634   0 121
15635   0  36
15636   0   3
15713   0 361
15714   0 301
15715   0  36
15716   0   3
15721   0   2
15729   0 351
15730   0  52
15731   0  44
15732   0   3
15809   0  22
15810   0 233
15811   0  44
15812   0   3
15817   0   2
15825   0   2
15826   0 353
15827   0  51
15828   0   3
15905   0  63
15906   0 124
15907   0  52
15908   0   3
15913   0   2
15921   0 243
15922   0 272
15923   0  57
15924   0   3
16001   0 124
16002   0  55
16003   0  60
16004   0   3
16009   0   2
16017   0  34
16018   0 207
16019   0  65
16020   0   3
16097   0 165
16098   0 366
16099   0  65
16100   0   3
16105   0   2
16113   0   5
16114   0 125
16115   0  73
16116   0   3
16193   0 226
16194   0 277
16195   0  73
16196   0   3
16201   0   2
16209   0 176
16210   0  32
16211   0 101
16212   0   3
16289   0 267
16290   0 210
16291   0 101
16292   0   3
16297   0   2
16305   0  67
16306   0 364
16307   0 106
16308   0   3
16385   0 330
16386   0 141
16387   0 107
16388   0   3
16393   0   2
16401   0  20
16402   0 315
16403   0 114
16404   0   3
16481   0 371
16482   0  72
16483   0 115
16484   0   3
16489   0   2
16497   0   1
16498   0 227
16499   0 122
16500   0   3
16577   0  32
16578   0   4
16579   0 123
16580   0   3
16585   0   2
16593   0 172
16594   0 134
16595   0 130
16596   0   3
16673   0  73
16674   0 315
16675   0 130
16676   0   3
16681   0   2
16689   0  73
16690   0  64
16691   0 136
16692   0   3
16769   0 134
16770   0 246
16771   0 136
16772   0   3
16777   0   2
16785   0  64
16786   0  16
16787   0 144
16788   0   3
16865   0 175
16866   0 177
16867   0 144
16868   0   3
16873   0   2
16881   0 105
16882   0 353
16883   0 151
16884   0   3
16961   0 236
16962   0 130
16963   0 152
16964   0   3
16969   0   2
16977   0  16
16978   0 255
16979   0 157
16980   0   3
17057   0 277
17058   0  41
17059   0 160
17060   0   3
17065   0   2
17073   0  77
17074   0 215
17075   0 165
17076   0   3
17153   0 340
17154   0 372
17155   0 165
17156   0   3
17161   0   2
17169   0 230
17170   0 117
17171   0 173
17172   0   3
17249   0   1
17250   0 304
17251   0 173
17252   0   3
17257   0   2
17265   0 201
17266   0  46
17267   0 201
17268   0   3
17345   0  42
17346   0 235
17347   0 201
17348   0   3
17353   0   2
17361   0 122
17362   0   1
17363   0 207
17364   0   3
17441   0 103
17442   0 166
17443   0 207
17444   0   3
17449   0   2
17457   0  53
17458   0 332
17459   0 214
17460   0   3
17537   0 144
17538   0 117
17539   0 215
17540   0   3
17545   0   2
17553   0 144
17554   0 266
17555   0 222
17556   0   3
17633   0 205
17634   0  50
17635   0 223
17636   0   3
17641   0   2
17649   0 215
17650   0 204
17651   0 230
17652   0   3
17729   0 246
17730   0 361
17731   0 230
17732   0   3
17737   0   2
17745   0 176
17746   0 120
17747   0 236
17748   0   3
17825   0 307
17826   0 272
17827   0 236
17828   0   3
17833   0   2
17841   0 257
17842   0  25
17843   0 244
17844   0   3
17921   0 350
17922   0 203
17923   0 244
17924   0   3
17929   0   2
17937   0 210
17938   0 360
17939   0 251
17940   0   3
18017   0  11
18018   0 135
18019   0 252
18020   0   3
18025   0   2
18033   0  11
18034   0 262
18035   0 257
18036   0   3
18113   0  52
18114   0  46
18115   0 260
18116   0   3
18121   0   2
18129   0 242
18130   0 212
18131   0 265
18132   0   3
18209   0 113
18210   0 377
18211   0 265
18212   0   3
18217   0   2
18225   0 143
18226   0 116
18227   0 273
18228   0   3
18305   0 154
18306   0 270
18307   0 273
18308   0   3
18313   0   2
18321   0   4
18322   0  25
18323   0 301
18324   0   3
18401   0 215
18402   0 201
18403   0 301
18404   0   3
18409   0   2
18417   0  15
18418   0 344
18419   0 306
18420   0   3
18497   0 256
18498   0 132
18499   0 307
18500   0   3
18505   0   2
18513   0 226
18514   0 276
18515   0 314
18516   0   3
18593   0 317
18594   0  63
18595   0 315
18596   0   3
18601   0   2
18609   0  57
18610   0 214
18611   0 322
18612   0   3
18689   0 360
18690   0 374
18691   0 322
18692   0   3
18697   0   2
18705   0  60
18706   0 146
18707   0 330
18708   0   3
18785   0  21
18786   0 326
18787   0 330
18788   0   3
18793   0   2
18801   0 131
18802   0 106
18803   0 336
18804   0   3
18881   0  62
18882   0 277
18883   0 336
18884   0   3
18889   0   2
18897   0 232
18898   0  36
18899   0 344
18900   0   3
18977   0 123
18978   0 210
18979   0 344
18980   0   3
18985   0   2
18993   0 123
18994   0 335
18995   0 351
18996   0   3
19073   0 164
19074   0 121
19075   0 352
19076   0   3
19081   0   2
19089   0 264
19090   0 250
19091   0 357
19092   0   3
19169   0 225
19170   0  32
19171   0 360
19172   0   3
19177   0   2
19185   0 215
19186   0 203
19187   0 365
19188   0   3
19265   0 266
19266   0 363
19267   0 365
19268   0   3
19273   0   2
19281   0  16
19282   0 127
19283   0 373
19284   0   3
19361   0 327
19362   0 314
19363   0 373
19364   0   3
19369   0   2
19377   0 327
19378   0  52
19379   0   1
19380   0   4
19457   0 370
19458   0 225
19459   0   1
19460   0   4
19465   0   2
19473   0 200
19474   0 377
19475   0   6
19476   0   4
19553   0  31
19554   0 157
19555   0   7
19556   0   4
19561   0   2
19569   0  21
19570   0 317
19571   0  14
19572   0   4
19649   0  72
19650   0  70
19651   0  15
19652   0   4
19657   0   2
19665   0 132
19666   0 216
19667   0  22
19668   0   4
19745   0 133
19746   0   1
19747   0  23
19748   0   4
19753   0   2
19761   0  23
19762   0 150
19763   0  30
19764   0   4
19841   0 174
19842   0 332
19843   0  30
19844   0   4
19849   0   2
19857   0 164
19858   0  61
19859   0  36
19860   0   4
19937   0 235
19938   0 243
19939   0  36
19940   0   4
19945   0   2
19953   0 305
19955   0  44
19956   0   4
20033   0 276
20034   0 154
20035   0  44
20036   0   4
20041   0   2
20049   0 306
20050   0 310
20051   0  51
20052   0   4
20129   0 337
20130   0  65
20131   0  52
20132   0   4
20137   0   2
20145   0 267
20146   0 224
20147   0  57
20148   0   4
20226   0 377
20227   0  57
20228   0   4
20233   0   2
20241   0 170
20242   0 143
20243   0  65
20244   0   4
20321   0  41
20322   0 330
20323   0  65
20324   0   4
20329   0   2
20337   0 161
20338   0  64
20339   0  73
20340   0   4
20417   0 102
20418   0 241
20419   0  73
20420   0   4
20425   0   2
20433   0 252
20434   0  11
20435   0 101
20436   0   4
20513   0 143
20514   0 172
20515   0 101
20516   0   4
20521   0   2
20529   0 213
20530   0 340
20531   0 106
20532   0   4
20609   0 204
20610   0 123
20611   0 107
20612   0   4
20617   0   2
20625   0 334
20626   0 255
20627   0 114
20628   0   4
20705   0 245
20706   0  34
20707   0 115
20708   0   4
20713   0   2
20721   0 355
20722   0 161
20723   0 122
20724   0   4
20801   0 306
20802   0 345
20803   0 122
20804   0   4
20809   0   2
20817   0 326
20818   0  77
20819   0 130
20820   0   4
20897   0 347
20898   0 256
20899   0 130
20900   0   4
20905   0   2
20913   0 217
20914   0   7
20915   0 136
20916   0   4
20993   0  10
20994   0 170
20995   0 136
20996   0   4
21001   0   2
21009   0 320
21010   0 321
21011   0 143
21012   0   4
21089   0  51
21090   0 101
21091   0 144
21092   0   4
21097   0   2
21105   0  11
21106   0 225
21107   0 151
21108   0   4
21185   0 112
21186   0  12
21187   0 152
21188   0   4
21193   0   2
21201   0 352
21202   0 144
21203   0 157
21204   0   4
21281   0 153
21282   0 323
21283   0 157
21284   0   4
21289   0   2
21297   0 373
21298   0  72
21299   0 165
21300   0   4
21377   0 214
21378   0 254
21379   0 165
21380   0   4
21385   0   2
21393   0 364
21394   0  24
21395   0 173
21396   0   4
21473   0 255
21474   0 205
21475   0 173
21476   0   4
21481   0   2
21489   0 355
21490   0 334
21491   0 200
21492   0   4
21569   0 316
21570   0 116
21571   0 201
21572   0   4
21577   0   2
21585   0 326
21586   0 241
21587   0 206
21588   0   4
21665   0 357
21666   0  27
21667   0 207
21668   0   4
21673   0   2
21681   0 207
21682   0 153
21683   0 214
21684   0   4
21761   0  20
21762   0 341
21763   0 214
21764   0   4
21769   0   2
21777   0  60
21778   0 100
21779   0 222
21780   0   4
21857   0  61
21858   0 252
21859   0 222
21860   0   4
21865   0   2
21873   0 301
21874   0  10
21875   0 230
21876   0   4
21953   0 122
21954   0 163
21955   0 230
21956   0   4
21961   0   2
21969   0  72
21970   0 305
21971   0 235
21972   0   4
22049   0 163
22050   0  74
22051   0 236
22052   0   4
22057   0   2
22065   0 333
22066   0 255
22067   0 243
22068   0   4
22145   0 224
22146   0  45
22147   0 244
22148   0   4
22153   0   2
22161   0 324
22162   0 216
22163   0 251
22164   0   4
22241   0 265
22242   0 376
22243   0 251
22244   0   4
22249   0   2
22257   0 235
22258   0 131
22259   0 257
22260   0   4
22337   0 326
22338   0 307
22339   0 257
22340   0   4
22345   0   2
22353   0 266
22354   0  44
22355   0 265
22356   0   4
22433   0 367
22434   0 220
22435   0 265
22436   0   4
22441   0   2
22449   0  67
22450   0 361
22451   0 272
22452   0   4
22529   0  30
22530   0 152
22531   0 273
22532   0   4
22537   0   2
22545   0 210
22546   0 307
22547   0 300
22548   0   4
22625   0  71
22626   0  63
22627   0 301
22628   0   4
22633   0   2
22641   0 361
22642   0 207
22643   0 306
22644   0   4
22721   0 132
22722   0 374
22723   0 306
22724   0   4
22729   0   2
22737   0 162
22738   0 135
22739   0 314
22740   0   4
22817   0 173
22818   0 325
22819   0 314
22820   0   4
22825   0   2
22833   0 173
22834   0  74
22835   0 322
22836   0   4
22913   0 234
22914   0 256
22915   0 322
22916   0   4
22921   0   2
22929   0 164
22930   0   4
22931   0 330
22932   0   4
23009   0 275
23010   0 167
23011   0 330
23012   0   4
23017   0   2
23025   0 245
23026   0 311
23027   0 335
23028   0   4
23105   0 336
23106   0 100
23107   0 336
23108   0   4
23113   0   2
23121   0 216
23122   0 227
23123   0 343
23124   0   4
23201   0 377
23202   0  11
23203   0 344
23204   0   4
23209   0   2
23217   0  77
23218   0 152
23219   0 351
23220   0   4
23297   0  40
23298   0 343
23299   0 351
23300   0   4
23305   0   2
23313   0 350
23314   0  74
23315   0 357
23316   0   4
23393   0 101
23394   0 254
23395   0 357
23396   0   4
23401   0   2
23409   0 371
23410   0  11
23411   0 365
23412   0   4
23489   0 142
23490   0 165
23491   0 365
23492   0   4
23497   0   2
23505   0 272
23506   0 330
23507   0 372
23508   0   4
23585   0 203
23586   0 116
23587   0 373
23588   0   4
23593   0   2
23601   0 223
23602   0 250
23604   0   5
23681   0 244
23682   0  27
23683   0   1
23684   0   5
23689   0   2
23697   0 274
23698   0 170
23699   0   6
23700   0   5
23777   0 305
23778   0 360
23779   0   6
23780   0   5
23785   0   2
23793   0 115
23794   0 121
23795   0  14
23796   0   5
23873   0 346
23874   0 311
23875   0  14
23876   0   5
23881   0   2
23889   0 306
23890   0  46
23891   0  22
23892   0   5
23969   0   7
23970   0 223
23971   0  22
23972   0   5
23977   0   2
23985   0 327
23986   0 363
23987   0  27
23988   0   5
24065   0  50
24066   0 154
24067   0  30
24068   0   5
24073   0   2
24081   0 300
24082   0 321
24083   0  35
24084   0   5
24161   0 111
24162   0 105
24163   0  36
24164   0   5
24169   0   2
24177   0 121
24178   0 241
24179   0  43
24180   0   5
24257   0 152
24258   0  16
24259   0  44
24260   0   5
24265   0   2
24273   0 302
24274   0 150
24275   0  51
24276   0   5
24353   0 213
24354   0 327
24355   0  51
24356   0   5
24361   0   2
24369   0 213
24370   0  76
24371   0  57
24372   0   5
24449   0 254
24450   0 260
24451   0  57
24452   0   5
24457   0   2
24465   0 204
24466   0   6
24467   0  65
24468   0   5
24545   0 315
24546   0 171
24547   0  65
24548   0   5
24553   0   2
24561   0  75
24562   0 340
24563   0  72
24564   0   5
24641   0 356
24642   0 122
24643   0  73
24644   0   5
24649   0   2
24657   0  56
24658   0 263
24659   0 100
24660   0   5
24737   0  17
24738   0  54
24739   0 101
24740   0   5
24745   0   2
24753   0  57
24754   0 213
24755   0 106
24756   0   5
24833   0  60
24834   0 365
24835   0 106
24836   0   5
24841   0   2
24849   0 250
24850   0 120
24851   0 114
24852   0   5
24929   0 121
24930   0 276
24931   0 114
24932   0   5
24937   0   2
24945   0  41
24946   0  37
24947   0 122
24948   0   5
25025   0 162
25026   0 227
25027   0 122
25028   0   5
25033   0   2
25041   0 352
25042   0 362
25043   0 127
25044   0   5
25121   0 223
25122   0 140
25123   0 130
25124   0   5
25129   0   2
25137   0  53
25138   0 275
25139   0 135
25140   0   5
25217   0 264
25218   0  51
25219   0 136
25220   0   5
25225   0   2
25233   0 124
25234   0 204
25235   0 143
25236   0   5
25313   0 325
25314   0 362
25315   0 143
25316   0   5
25321   0   2
25329   0 315
25330   0 122
25331   0 151
25332   0   5
25409   0 366
25410   0 273
25411   0 151
25412   0   5
25417   0   2
25425   0 366
25426   0  20
25427   0 157
25428   0   5
25505   0  27
25506   0 205
25507   0 157
25508   0   5
25513   0   2
25521   0 107
25522   0 340
25523   0 164
25524   0   5
25601   0  70
25602   0 116
25603   0 165
25604   0   5
25609   0   2
25617   0  10
25618   0 246
25619   0 172
25620   0   5
25697   0 131
25698   0  27
25699   0 173
25700   0   5
25705   0   2
25713   0 241
25714   0 165
25715   0 200
25716   0   5
25793   0 172
25794   0 340
25795   0 200
25796   0   5
25801   0   2
25809   0 162
25810   0  67
25811   0 206
25812   0   5
25889   0 233
25890   0 251
25891   0 206
25892   0   5
25897   0   2
25905   0 263
25906   0   1
25907   0 214
25908   0   5
25985   0 274
25986   0 162
25987   0 214
25988   0   5
25993   0   2
26001   0 344
26002   0 317
26003   0 221
26004   0   5
26081   0 335
26082   0  73
26083   0 222
26084   0   5
26089   0   2
26097   0 355
26098   0 225
26099   0 227
26100   0   5
26177   0 376
26178   0   4
26179   0 230
26180   0   5
26185   0   2
26193   0 106
26194   0 143
26195   0 235
26196   0   5
26273   0  37
26274   0 316
26275   0 235
26276   0   5
26281   0   2
26289   0 117
26290   0  40
26291   0 243
26292   0   5
26369   0 100
26370   0 227
26371   0 243
26372   0   5
26377   0   2
26385   0 250
26386   0  10
26387   0 251
26388   0   5
26465   0 141
26466   0 200
26467   0 251
26468   0   5
26473   0   2
26481   0  31
26482   0 336
26483   0 256
26484   0   5
26561   0 202
26562   0 111
26563   0 257
26564   0   5
26569   0   2
26577   0 322
26578   0 245
26579   0 264
26580   0   5
26657   0 243
26658   0  22
26659   0 265
26660   0   5
26665   0   2
26673   0 133
26674   0 160
26675   0 272
26676   0   5
26753   0 304
26754   0 333
26755   0 272
26756   0   5
26761   0   2
26769   0 324
26770   0  65
26771   0 300
26772   0   5
26849   0 345
26850   0 244
26851   0 300
26852   0   5
26857   0   2
26865   0 265
26866   0  16
26867   0 306
26868   0   5
26945   0   6
26946   0 176
26947   0 306
26948   0   5
26953   0   2
26961   0 126
26962   0 343
26963   0 313
26964   0   5
27041   0  47
27042   0 127
27043   0 314
27044   0   5
27049   0   2
27057   0 137
27058   0 260
27059   0 321
27060   0   5
27137   0 110
27138   0  40
27139   0 322
27140   0   5
27145   0   2
27153   0  30
27154   0 212
27155   0 327
27156   0   5
27233   0 151
27234   0 371
27235   0 327
27236   0   5
27241   0   2
27249   0 121
27250   0 124
27251   0 335
27252   0   5
27329   0 212
27330   0 302
27331   0 335
27332   0   5
27337   0   2
27345   0 212
27346   0  40
27347   0 343
27348   0   5
27425   0 253
27426   0 213
27427   0 343
27428   0   5
27433   0   2
27441   0  73
27442   0 352
27443   0 350
27444   0   5
27521   0 314
27522   0 124
27523   0 351
27524   0   5
27529   0   2
27537   0  14
27538   0 276
27539   0 356
27540   0   5
27617   0 355
27618   0  55
27619   0 357
27620   0   5
27625   0   2
27633   0  65
27634   0 225
27635   0 364
27636   0   5
27713   0  16
27714   0   7
27715   0 365
27716   0   5
27721   0   2
27729   0 366
27730   0 141
27731   0 372
27732   0   5
27809   0  57
27810   0 320
27811   0 372
27812   0   5
27817   0   2
27825   0 237
27826   0  66
27828   0   6
27905   0 120
27906   0 251
27908   0   6
27913   0   2
27921   0 260
27922   0  12
27923   0   6
27924   0   6
28001   0 161
28002   0 202
28003   0   6
28004   0   6
28009   0   2
28017   0 361
28018   0 333
28019   0  13
28020   0   6
28097   0 222
28098   0 113
28099   0  14
28100   0   6
28105   0   2
28113   0   2
28114   0 240
28115   0  21
28116   0   6
28193   0 263
28194   0  24
28195   0  22
28196   0   6
28201   0   2
28209   0 363
28210   0 153
28211   0  27
28212   0   6
28289   0 324
28290   0 335
28291   0  27
28292   0   6
28297   0   2
28305   0 124
28306   0 100
28307   0  35
28308   0   6
28385   0 365
28386   0 266
28387   0  35
28388   0   6
28393   0   2
28401   0  15
28402   0  30
28403   0  43
28404   0   6
28481   0  26
28482   0 220
28483   0  43
28484   0   6
28489   0   2
28497   0  46
28498   0 363
28499   0  50
28500   0   6
28577   0  67
28578   0 151
28579   0  51
28580   0   6
28585   0   2
28593   0 207
28594   0 316
28595   0  56
28596   0   6
28673   0 130
28674   0 102
28675   0  57
28676   0   6
28681   0   2
28689   0 310
28690   0 237
28691   0  64
28692   0   6
28769   0 171
28770   0  13
28771   0  65
28772   0   6
28777   0   2
28785   0  41
28786   0 144
28787   0  72
28788   0   6
28865   0 232
28866   0 324
28867   0  72
28868   0   6
28873   0   2
28881   0 312
28882   0  70
28883   0 100
28884   0   6
28961   0 273
28962   0 255
28963   0 100
28964   0   6
28969   0   2
28977   0  43
28978   0  15
28979   0 106
28980   0   6
29057   0 334
29058   0 166
29059   0 106
29060   0   6
29065   0   2
29073   0  34
29074   0 340
29075   0 113
29076   0   6
29153   0 375
29154   0 117
29155   0 114
29156   0   6
29161   0   2
29169   0 335
29170   0 254
29171   0 121
29172   0   6
29249   0  36
29250   0  31
29251   0 122
29252   0   6
29257   0   2
29265   0 376
29266   0 154
29267   0 127
29268   0   6
29345   0  77
29346   0 342
29347   0 127
29348   0   6
29353   0   2
29361   0  47
29362   0  75
29363   0 135
29364   0   6
29441   0 140
29442   0 253
29443   0 135
29444   0   6
29449   0   2
29457   0 300
29458   0  14
29459   0 143
29460   0   6
29537   0 201
29538   0 204
29539   0 143
29540   0   6
29545   0   2
29553   0  11
29554   0 356
29555   0 150
29556   0   6
29633   0 242
29634   0 135
29635   0 151
29636   0   6
29641   0   2
29649   0 362
29650   0 313
29651   0 156
29652   0   6
29729   0 303
29730   0  66
29731   0 157
29732   0   6
29737   0   2
29745   0 223
29746   0 205
29747   0 164
29748   0   6
29825   0 344
29826   0 357
29827   0 164
29828   0   6
29833   0   2
29841   0 354
29842   0 102
29843   0 172
29844   0   6
29921   0   5
29922   0 271
29923   0 172
29924   0   6
29929   0   2
29937   0 225
29938   0  27
29939   0 200
29940   0   6
30017   0  46
30018   0 202
30019   0 200
30020   0   6
30025   0   2
30033   0 316
30034   0 332
30035   0 205
30036   0   6
30113   0 107
30114   0 113
30115   0 206
30116   0   6
30121   0   2
30129   0 347
30130   0 234
30131   0 213
30132   0   6
30209   0 150
30210   0  24
30211   0 214
30212   0   6
30217   0   2
30225   0 220
30226   0 161
30227   0 221
30228   0   6
30305   0 211
30306   0 335
30307   0 221
30308   0   6
30313   0   2
30321   0 321
30322   0 104
30323   0 227
30324   0   6
30401   0 252
30402   0 266
30403   0 227
30404   0   6
30409   0   2
30417   0 132
30418   0  26
30419   0 235
30420   0   6
30497   0 313
30498   0 177
30499   0 235
30500   0   6
30505   0   2
30513   0   3
30514   0 353
30515   0 242
30516   0   6
30593   0 354
30594   0 130
30595   0 243
30596   0   6
30601   0   2
30609   0 264
30610   0 273
30611   0 250
30612   0   6
30689   0  15
30690   0  62
30691   0 251
30692   0   6
30697   0   2
30705   0 245
30706   0 216
30707   0 256
30708   0   6
30785   0  56
30786   0 373
30787   0 256
30788   0   6
30793   0   2
30801   0  36
30802   0 124
30803   0 264
30804   0   6
30881   0 117
30882   0 304
30883   0 264
30884   0   6
30889   0   2
30897   0 217
30898   0  44
30899   0 272
30900   0   6
30977   0 160
30978   0 235
30979   0 272
30980   0   6
30985   0   2
30993   0  70
30995   0 300
30996   0   6
31073   0 221
31074   0 166
31075   0 300
31076   0   6
31081   0   2
31089   0  61
31090   0 332
31091   0 305
31092   0   6
31169   0 262
31170   0 117
31171   0 306
31172   0   6
31177   0   2
31185   0 272
31186   0 253
31187   0 313
31188   0   6
31265   0 323
31266   0  30
31267   0 314
31268   0   6
31273   0   2
31281   0 243
31282   0 160
31283   0 321
31284   0   6
31361   0 364
31362   0 341
31363   0 321
31364   0   6
31369   0   2
31377   0 174
31378   0  71
31379   0 327
31380   0   6
31457   0  25
31458   0 253
31459   0 327
31460   0   6
31465   0   2
31473   0 305
31474   0  23
31475   0 335
31476   0   6
31553   0  66
31554   0 204
31555   0 335
31556   0   6
31561   0   2
31569   0  26
31570   0 341
31571   0 342
31572   0   6
31649   0 127
31650   0 115
31651   0 343
31652   0   6
31657   0   2
31665   0 157
31666   0 256
31667   0 350
31668   0   6
31745   0 170
31746   0  46
31747   0 351
31748   0   6
31753   0   2
31761   0 200
31762   0 171
31763   0 356
31764   0   6
31841   0 231
31842   0 357
31843   0 356
31844   0   6
31849   0   2
31857   0 231
31858   0 104
31859   0 364
31860   0   6
31937   0 272
31938   0 270
31939   0 364
31940   0   6
31945   0   2
31953   0 312
31954   0  22
31955   0 372
31956   0   6
32033   0 333
32034   0 201
32035   0 372
32036   0   6
32041   0   2
32049   0  23
32050   0 344
32051   0 377
32052   0   6
32129   0 374
32130   0 132
32132   0   7
32137   0   2
32145   0  14
32146   0 265
32147   0   5
32148   0   7
32225   0  35
32226   0  44
32227   0   6
32228   0   7
32233   0   2
32241   0  75
32242   0 214
32243   0  13
32244   0   7
32321   0  76
32322   0 375
32323   0  13
32324   0   7
32329   0   2
32337   0 256
32338   0 121
32339   0  21
32340   0   7
32417   0 137
32418   0 306
32419   0  21
32420   0   7
32425   0   2
32433   0 127
32434   0  35
32435   0  27
32436   0   7
32513   0 200
32514   0 217
32515   0  27
32516   0   7
32521   0   2
32529   0 360
32530   0 343
32531   0  34
32532   0   7
32609   0 241
32610   0 130
32611   0  35
32612   0   7
32617   0   2
32625   0 361
32626   0 264
32627   0  42
32628   0   7
32705   0 302
32706   0  41
32707   0  43
32708   0   7
32713   0   2
32721   0 242
32722   0 176
32723   0  50
32724   0   7
32801   0 343
32802   0 352
32803   0  50
32804   0   7
32809   0   2
32817   0 363
32818   0 115
32819   0  56
32820   0   7
32897   0   4
32898   0 304
32899   0  56
32900   0   7
32905   0   2
32913   0 214
32914   0  44
32915   0  64
32916   0   7
32993   0  45
32994   0 235
32995   0  64
32996   0   7
33001   0   2
33009   0 175
33011   0  72
33012   0   7
33089   0 106
33090   0 166
33091   0  72
33092   0   7
33097   0   2
33105   0 346
33106   0 320
33107   0  77
33108   0   7
33185   0 147
33186   0  77
33187   0 100
33188   0   7
33193   0   2
33201   0   7
33202   0 232
33203   0 105
33204   0   7
33281   0 210
33282   0  10
33283   0 106
33284   0   7
33289   0   2
33297   0 100
33298   0 146
33299   0 113
33300   0   7
33377   0 251
33378   0 321
33379   0 113
33380   0   7
33385   0   2
33393   0  41
33394   0  55
33395   0 121
33396   0   7
33473   0 312
33474   0 232
33475   0 121
33476   0   7
33481   0   2
33489   0  52
33490   0 363
33491   0 126
33492   0   7
33569   0 353
33570   0 143
33571   0 127
33572   0   7
33577   0   2
33585   0 133
33586   0 301
33587   0 134
33588   0   7
33665   0  14
33666   0  55
33667   0 135
33668   0   7
33673   0   2
33681   0 224
33682   0 204
33683   0 142
33684   0   7
33761   0  55
33762   0 366
33763   0 142
33764   0   7
33769   0   2
33777   0 165
33778   0 135
33779   0 150
33780   0   7
33857   0 116
33858   0 317
33859   0 150
33860   0   7
33865   0   2
33873   0 106
33874   0  57
33875   0 156
33876   0   7
33953   0 157
33954   0 230
33955   0 156
33956   0   7
33961   0   2
33969   0 177
33970   0 362
33971   0 163
33972   0   7
34049   0 220
34050   0 141
34051   0 164
34052   0   7
34057   0   2
34065   0 300
34066   0 263
34067   0 171
34068   0   7
34145   0 261
34146   0  52
34147   0 172
34148   0   7
34153   0   2
34161   0 221
34162   0 207
34163   0 177
34164   0   7
34241   0 322
34242   0 363
34243   0 177
34244   0   7
34249   0   2
34257   0  52
34258   0 127
34259   0 205
34260   0   7
34337   0 363
34338   0 314
34339   0 205
34340   0   7
34345   0   2
34353   0 263
34354   0  61
34355   0 213
34356   0   7
34433   0  24
34434   0 246
34435   0 213
34436   0   7
34441   0   2
34449   0  14
34450   0   6
34451   0 221
34452   0   7
34529   0  65
34530   0 157
34531   0 221
34532   0   7
34537   0   2
34545   0 305
34546   0 315
34547   0 226
34548   0   7
34625   0 126
34626   0  70
34627   0 227
34628   0   7
34633   0   2
34641   0 106
34642   0 221
34643   0 234
34644   0   7
34721   0 167
34722   0   1
34723   0 235
34724   0   7
34729   0   2
34737   0 227
34738   0 151
34739   0 242
34740   0   7
34817   0 230
34818   0 332
34819   0 242
34820   0   7
34825   0   2
34833   0 210
34834   0  63
34835   0 250
34836   0   7
34913   0 271
34914   0 243
34915   0 250
34916   0   7
34921   0   2
34929   0 251
34930   0 374
34931   0 255
34932   0   7
35009   0 332
35010   0 154
35011   0 256
35012   0   7
35017   0   2
35025   0 362
35026   0 315
35027   0 263
35028   0   7
35105   0 373
35106   0 105
35107   0 264
35108   0   7
35113   0   2
35121   0  53
35122   0 241
35123   0 271
35124   0   7
35201   0  34
35202   0  17
35203   0 272
35204   0   7
35209   0   2
35217   0  44
35218   0 153
35219   0 277
35220   0   7
35297   0  75
35298   0 330
35299   0 277
35300   0   7
35305   0   2
35313   0 165
35314   0  72
35315   0 305
35316   0   7
35393   0 136
35394   0 261
35395   0 305
35396   0   7
35401   0   2
35409   0 166
35410   0  22
35411   0 313
35412   0   7
35489   0 177
35490   0 212
35491   0 313
35492   0   7
35497   0   2
35505   0 117
35506   0 353
35507   0 320
35508   0   7
35585   0 240
35586   0 143
35587   0 321
35588   0   7
35593   0   2
35601   0 110
35602   0 263
35603   0 326
35604   0   7
35681   0 301
35682   0  34
35683   0 327
35684   0   7
35689   0   2
35697   0 251
35698   0 211
35699   0 334
35700   0   7
35777   0 342
35778   0 365
35779   0 334
35780   0   7
35785   0   2
35793   0 102
35794   0 127
35795   0 342
35796   0   7
35873   0   3
35874   0 317
35875   0 342
35876   0   7
35881   0   2
35889   0  63
35890   0  63
35891   0 350
35892   0   7
35969   0  44
35970   0 250
35971   0 350
35972   0   7
35977   0   2
35985   0  74
35987   0 356
35988   0   7
36065   0 105
36066   0 161
36067   0 356
36068   0   7
36073   0   2
36081   0 345
36082   0 313
36083   0 363
36084   0   7
36161   0 146
36162   0  72
36163   0 364
36164   0   7
36169   0   2
36177   0 136
36178   0 232
36179   0 371
36180   0   7
36257   0 207
36258   0   3
36259   0 372
36260   0   7
36265   0   2
36273   0 167
36274   0 145
36275   0 377
36276   0   7
36353   0 250
36354   0 334
36355   0 377
36356   0   7
36361   0   2
36369   0  20
36370   0  74
36371   0   5
36372   0  10
36449   0 311
36450   0 245
36451   0   5
36452   0  10
36457   0   2
36465   0  51
36466   0 376
36467   0  12
36468   0  10
36545   0 352
36546   0 156
36547   0  13
36548   0  10
36553   0   2
36561   0 122
36562   0 327
36563   0  20
36564   0  10
36641   0  13
36642   0 110
36643   0  21
36644   0  10
36649   0   2
36657   0 223
36658   0 237
36659   0  26
36660   0  10
36737   0  54
36738   0  21
36739   0  27
36740   0  10
36745   0   2
36753   0  34
36754   0 163
36755   0  34
36756   0  10
36833   0 115
36834   0 352
36835   0  34
36836   0  10
36841   0   2
36849   0  55
36850   0 131
36851   0  42
36852   0  10
36929   0 156
36930   0 303
36931   0  42
36932   0  10
36937   0   2
36945   0 216
36946   0  31
36947   0  50
36948   0  10
37025   0 217
37026   0 214
37027   0  50
37028   0  10
37033   0   2
37041   0 247
37042   0 366
37043   0  55
37044   0  10
37121   0 260
37122   0 145
37123   0  56
37124   0  10
37129   0   2
37137   0  10
37138   0 311
37139   0  63
37140   0  10
37217   0 321
37218   0  76
37219   0  64
37220   0  10
37225   0   2
37233   0 211
37234   0 234
37235   0  71
37236   0  10
37313   0 362
37314   0   7
37315   0  72
37316   0  10
37321   0   2
37329   0 262
37330   0 143
37331   0  77
37332   0  10
37409   0  23
37410   0 321
37411   0  77
37412   0  10
37417   0   2
37425   0 253
37426   0  66
37427   0 105
37428   0  10
37505   0  64
37506   0 252
37507   0 105
37508   0  10
37513   0   2
37521   0 254
37522   0  16
37523   0 113
37524   0  10
37601   0 125
37602   0 203
37603   0 113
37604   0  10
37609   0   2
37617   0 215
37618   0 345
37619   0 120
37620   0  10
37697   0 166
37698   0 134
37699   0 121
37700   0  10
37705   0   2
37713   0 256
37714   0 265
37715   0 126
37716   0  10
37793   0 227
37794   0  45
37795   0 127
37796   0  10
37801   0   2
37809   0  37
37810   0 164
37811   0 134
37812   0  10
37889   0 270
37890   0 336
37891   0 134
37892   0  10
37897   0   2
37905   0 340
37906   0  51
37907   0 142
37908   0  10
37985   0 331
37986   0 227
37987   0 142
37988   0  10
37993   0   2
38001   0 241
38002   0 361
38003   0 147
38004   0  10
38081   0 372
38082   0 140
38083   0 150
38084   0  10
38089   0   2
38097   0 262
38098   0 265
38099   0 155
38100   0  10
38177   0  33
38178   0  52
38179   0 156
38180   0  10
38185   0   2
38193   0 173
38194   0 213
38195   0 163
38196   0  10
38273   0  74
38274   0   3
38275   0 164
38276   0  10
38281   0   2
38289   0 204
38290   0 141
38291   0 171
38292   0  10
38369   0 135
38370   0 314
38371   0 171
38372   0  10
38377   0   2
38385   0 255
38386   0  50
38387   0 177
38388   0  10
38465   0 176
38466   0 225
38467   0 177
38468   0  10
38473   0   2
38481   0 356
38482   0 351
38483   0 204
38484   0  10
38561   0 237
38562   0 136
38563   0 205
38564   0  10
38569   0   2
38577   0 247
38578   0 303
38579   0 212
38580   0  10
38657   0 300
38658   0  67
38659   0 213
38660   0  10
38665   0   2
38673   0 340
38674   0 215
38675   0 220
38676   0  10
38753   0 341
38755   0 221
38756   0  10
38761   0   2
38769   0 361
38770   0 132
38771   0 226
38772   0  10
38849   0   2
38850   0 312
38851   0 226
38852   0  10
38857   0   2
38865   0 232
38866   0  46
38867   0 234
38868   0  10
38945   0  43
38946   0 223
38947   0 234
38948   0  10
38953   0   2
38961   0  73
38962   0 364
38963   0 241
38964   0  10
39041   0 104
39042   0 154
39043   0 242
39044   0  10
39049   0   2
39057   0 324
39058   0 323
39059   0 247
39060   0  10
39137   0 145
39138   0 105
39139   0 250
39140   0  10
39145   0   2
39153   0 155
39154   0 252
39155   0 255
39156   0  10
39233   0 206
39234   0  36
39235   0 256
39236   0  10
39241   0   2
39249   0 366
39250   0 204
39251   0 263
39252   0  10
39329   0 247
39330   0 367
39331   0 263
39332   0  10
39337   0   2
39345   0 137
39346   0 114
39347   0 271
39348   0  10
39425   0 310
39426   0 300
39427   0 271
39428   0  10
39433   0   2
39441   0  50
39442   0  42
39443   0 277
39444   0  10
39521   0 351
39522   0 231
39523   0 277
39524   0  10
39529   0   2
39537   0  61
39538   0 357
39539   0 304
39540   0  10
39617   0  12
39618   0 143
39619   0 305
39620   0  10
39625   0   2
39633   0 362
39634   0 306
39635   0 312
39636   0  10
39713   0  53
39714   0  74
39715   0 313
39716   0  10
39721   0   2
39729   0  23
39730   0 240
39731   0 320
39732   0  10
39809   0 114
39810   0  25
39811   0 321
39812   0  10
39817   0   2
39825   0 114
39826   0 163
39827   0 326
39828   0  10
39905   0 155
39906   0 336
39907   0 326
39908   0  10
39913   0   2
39921   0 145
39922   0  76
39923   0 334
39924   0  10
40001   0 216
40002   0 247
40003   0 334
40004   0  10
40009   0   2
40017   0 146
40018   0  17
40019   0 342
40020   0  10
40097   0 257
40098   0 200
40099   0 342
40100   0  10
40105   0   2
40113   0  27
40114   0 340
40115   0 347
40116   0  10
40193   0 320
40194   0 111
40195   0 350
40196   0  10
40201   0   2
40209   0 330
40210   0 245
40211   0 355
40212   0  10
40289   0 361
40290   0  22
40291   0 356
40292   0  10
40297   0   2
40305   0 141
40306   0 160
40307   0 363
40308   0  10
40385   0  22
40386   0 334
40387   0 363
40388   0  10
40393   0   2
40401   0  62
40402   0  62
40403   0 371
40404   0  10
40481   0  63
40482   0 245
40483   0 371
40484   0  10
40489   0   2
40497   0 163
40498   0 374
40499   0 376
40500   0  10
40577   0 124
40578   0 156
40579   0 377
40580   0  10
40585   0   2
40593   0 324
40594   0 276
40595   0   4
40596   0  11
40673   0 165
40674   0  67
40675   0   5
40676   0  11
40681   0   2
40689   0  45
40690   0 227
40691   0  12
40692   0  11
40769   0 226
40771   0  13
40772   0  11
40777   0   2
40785   0  46
40786   0 126
40787   0  20
40788   0  11
40865   0 267
40866   0 311
40867   0  20
40868   0  11
40873   0   2
40881   0 227
40882   0  35
40883   0  26
40884   0  11
40961   0 330
40962   0 222
40963   0  26
40964   0  11
40969   0   2
40977   0  10
40978   0 345
40979   0  33
40980   0  11
41057   0 371
41058   0 133
41059   0  34
41060   0  11
41065   0   2
41073   0 331
41074   0 270
41075   0  41
41076   0  11
41153   0  32
41154   0  45
41155   0  42
41156   0  11
41161   0   2
41169   0 152
41170   0 212
41171   0  47
41172   0  11
41249   0  73
41250   0 376
41251   0  47
41252   0  11
41257   0   2
41265   0 243
41266   0 146
41267   0  55
41268   0  11
41345   0 134
41346   0 327
41347   0  55
41348   0  11
41353   0   2
41361   0 304
41362   0  55
41363   0  63
41364   0  11
41441   0 175
41442   0 240
41443   0  63
41444   0  11
41449   0   2
41457   0 375
41458   0   2
41459   0  71
41460   0  11
41537   0 236
41538   0 171
41539   0  71
41540   0  11
41545   0   2
41553   0 216
41554   0 333
41555   0  76
41556   0  11
41633   0 277
41634   0 122
41635   0  77
41636   0  11
41641   0   2
41649   0 107
41650   0 263
41651   0 104
41652   0  11
41729   0 340
41730   0  53
41731   0 105
41732   0  11
41737   0   2
41745   0 140
41746   0 216
41747   0 112
41748   0  11
41825   0   1
41826   0   5
41827   0 113
41828   0  11
41833   0   2
41841   0 331
41842   0 143
41843   0 120
41844   0  11
41921   0  42
41922   0 316
41923   0 120
41924   0  11
41929   0   2
41937   0 302
41938   0  61
41939   0 126
41940   0  11
42017   0 103
42018   0 247
42019   0 126
42020   0  11
42025   0   2
42033   0  43
42034   0 373
42035   0 133
42036   0  11
42113   0 144
42114   0 160
42115   0 134
42116   0  11
42121   0   2
42129   0 374
42130   0 325
42131   0 141
42132   0  11
42209   0 205
42210   0 111
42211   0 142
42212   0  11
42217   0   2
42225   0  55
42226   0 253
42227   0 147
42228   0  11
42305   0 246
42306   0  42
42307   0 150
42308   0  11
42313   0   2
42321   0 146
42322   0 220
42323   0 155
42324   0  11
42401   0 307
42402   0 373
42403   0 155
42404   0  11
42409   0   2
42417   0  77
42418   0 127
42419   0 163
42420   0  11
42497   0 350
42498   0 304
42499   0 163
42500   0  11
42505   0   2
42513   0  20
42514   0  42
42515   0 171
42516   0  11
42593   0  11
42594   0 216
42595   0 171
42596   0  11
42601   0   2
42609   0 121
42610   0 354
42611   0 176
42612   0  11
42689   0  52
42690   0 127
42691   0 177
42692   0  11
42697   0   2
42705   0 232
42706   0 275
42707   0 204
42708   0  11
42785   0 113
42786   0  60
42787   0 205
42788   0  11
42793   0   2
42801   0 103
42802   0 220
42803   0 212
42804   0  11
42881   0 154
42882   0 371
42883   0 212
42884   0  11
42889   0   2
42897   0  34
42898   0 120
42899   0 220
42900   0  11
42977   0 215
42978   0 302
42979   0 220
42980   0  11
42985   0   2
42993   0 225
42994   0  47
42995   0 226
42996   0  11
43073   0 256
43074   0 233
43075   0 226
43076   0  11
43081   0   2
43089   0 306
43090   0 363
43091   0 233
43092   0  11
43169   0 317
43170   0 144
43171   0 234
43172   0  11
43177   0   2
43185   0 237
43186   0 274
43187   0 241
43188   0  11
43265   0 360
43266   0  55
43267   0 242
43268   0  11
43273   0   2
43281   0 160
43282   0 220
43283   0 247
43284   0  11
43361   0  21
43362   0   7
43363   0 250
43364   0  11
43369   0   2
43377   0 101
43378   0 142
43379   0 255
43380   0  11
43457   0  62
43458   0 320
43459   0 255
43460   0  11
43465   0   2
43473   0 242
43474   0  55
43475   0 263
43476   0  11
43553   0 123
43554   0 231
43555   0 263
43556   0  11
43561   0   2
43569   0 173
43570   0 355
43571   0 270
43572   0  11
43649   0 164
43650   0 142
43651   0 271
43652   0  11
43657   0   2
43665   0 144
43666   0 273
43667   0 276
43668   0  11
43745   0 225
43746   0  53
43747   0 277
43748   0  11
43753   0   2
43761   0 315
43762   0 215
43763   0 304
43764   0  11
43841   0 266
43842   0   4
43843   0 305
43844   0  11
43849   0   2
43857   0  26
43858   0 146
43859   0 312
43860   0  11
43937   0 327
43938   0 335
43939   0 312
43940   0  11
43945   0   2
43953   0 217
43954   0 104
43955   0 320
43956   0  11
44033   0 370
44034   0 266
44035   0 320
44036   0  11
44041   0   2
44049   0  30
44050   0  26
44051   0 326
44052   0  11
44129   0  31
44130   0 200
44131   0 326
44132   0  11
44137   0   2
44145   0 211
44146   0 324
44147   0 333
44148   0  11
44225   0  72
44226   0 111
44227   0 334
44228   0  11
44233   0   2
44241   0  72
44242   0 236
44243   0 341
44244   0  11
44321   0 133
44322   0  22
44323   0 342
44324   0  11
44329   0   2
44337   0 153
44338   0 143
44339   0 347
44340   0  11
44417   0 174
44418   0 333
44419   0 347
44420   0  11
44425   0   2
44433   0 324
44434   0  65
44435   0 355
44436   0  11
44513   0 235
44514   0 244
44515   0 355
44516   0  11
44521   0   2
44529   0 345
44530   0  13
44531   0 363
44532   0  11
44609   0 276
44610   0 175
44611   0 363
44612   0  11
44617   0   2
44625   0  76
44626   0 316
44627   0 370
44628   0  11
44705   0 337
44706   0 106
44707   0 371
44708   0  11
44713   0   2
44721   0  47
44722   0 245
44723   0 376
44724   0  11
44802   0  20
44803   0 377
44804   0  11
44809   0   2
44817   0 210
44818   0 160
44819   0   4
44820   0  12
44897   0  41
44898   0 351
44899   0   4
44900   0  12
44905   0   2
44913   0  51
44914   0 116
44915   0  12
44916   0  12
44993   0 102
44994   0 302
44995   0  12
44996   0  12
45001   0   2
45009   0 172
45010   0  44
45011   0  20
45012   0  12
45089   0 143
45090   0 233
45091   0  20
45092   0  12
45097   0   2
45105   0 213
45106   0 370
45107   0  25
45108   0  12
45185   0 204
45186   0 144
45187   0  26
45188   0  12
45193   0   2
45201   0 264
45202   0 277
45203   0  33
45204   0  12
45281   0 245
45282   0  55
45283   0  34
45284   0  12
45289   0   2
45297   0 365
45298   0 233
45299   0  41
45300   0  12
45377   0 306
45378   0   6
45379   0  42
45380   0  12
45385   0   2
45393   0 316
45394   0 142
45395   0  47
45396   0  12
45473   0 347
45474   0 317
45475   0  47
45476   0  12
45481   0   2
45489   0 337
45490   0  57
45491   0  55
45492   0  12
45569   0  10
45570   0 231
45571   0  55
45572   0  12
45577   0   2
45585   0 170
45586   0 355
45587   0  62
45588   0  12
45665   0  51
45666   0 142
45667   0  63
45668   0  12
45673   0   2
45681   0 161
45682   0 311
45683   0  70
45684   0  12
45761   0 112
45762   0  73
45763   0  71
45764   0  12
45769   0   2
45777   0 262
45778   0 232
45779   0  76
45780   0  12
45857   0 153
45858   0   4
45859   0  77
45860   0  12
45865   0   2
45873   0 303
45874   0 147
45875   0 104
45876   0  12
45953   0 214
45954   0 335
45955   0 104
45956   0  12
45961   0   2
45969   0 164
45970   0  70
45971   0 112
45972   0  12
46049   0 255
46050   0 246
46051   0 112
46052   0  12
46057   0   2
46065   0  45
46066   0 371
46067   0 117
46068   0  12
46145   0 316
46146   0 157
46147   0 120
46148   0  12
46153   0   2
46161   0 246
46162   0 316
46163   0 125
46164   0  12
46241   0 357
46242   0  70
46243   0 126
46244   0  12
46249   0   2
46257   0 157
46258   0 222
46259   0 133
46260   0  12
46337   0  20
46338   0   2
46339   0 134
46340   0  12
46345   0   2
46353   0  40
46354   0 134
46355   0 141
46356   0  12
46433   0  61
46434   0 313
46435   0 141
46436   0  12
46441   0   2
46449   0 141
46450   0  46
46451   0 147
46452   0  12
46529   0 122
46530   0 224
46531   0 147
46532   0  12
46537   0   2
46545   0 302
46546   0 350
46547   0 154
46548   0  12
46625   0 163
46626   0 135
46627   0 155
46628   0  12
46633   0   2
46641   0  63
46642   0 271
46643   0 162
46644   0  12
46721   0 224
46722   0  46
46723   0 163
46724   0  12
46729   0   2
46737   0 314
46738   0 177
46739   0 170
46740   0  12
46817   0 265
46818   0 357
46819   0 170
46820   0  12
46825   0   2
46833   0  15
46834   0 123
46835   0 176
46836   0  12
46913   0 326
46914   0 310
46915   0 176
46916   0  12
46921   0   2
46929   0 316
46930   0  50
46931   0 204
46932   0  12
47009   0 367
47010   0 221
47011   0 204
47012   0  12
47017   0   2
47025   0 177
47026   0 362
47027   0 211
47028   0  12
47105   0  30
47106   0 153
47107   0 212
47108   0  12
47113   0   2
47121   0  50
47122   0 305
47123   0 217
47124   0  12
47201   0  71
47202   0  64
47203   0 220
47204   0  12
47209   0   2
47217   0 251
47218   0 210
47219   0 225
47220   0  12
47297   0 132
47298   0 375
47299   0 225
47300   0  12
47305   0   2
47313   0 222
47314   0 137
47315   0 233
47316   0  12
47393   0 173
47394   0 326
47395   0 233
47396   0  12
47401   0   2
47409   0 223
47410   0 100
47411   0 241
47412   0  12
47489   0 234
47490   0 257
47491   0 241
47492   0  12
47497   0   2
47505   0 344
47506   0  37
47507   0 247
47508   0  12
47585   0 275
47586   0 230
47587   0 247
47588   0  12
47593   0   2
47601   0 365
47602   0 372
47603   0 254
47604   0  12
47681   0 336
47682   0 161
47683   0 255
47684   0  12
47689   0   2
47697   0   6
47698   0 317
47699   0 262
47700   0  12
47777   0 377
47778   0  72
47779   0 263
47780   0  12
47785   0   2
47793   0 237
47794   0 225
47795   0 270
47796   0  12
47873   0  40
47874   0   4
47875   0 271
47876   0  12
47881   0   2
47889   0 200
47890   0 145
47891   0 276
47892   0  12
47969   0 101
47970   0 335
47971   0 276
47972   0  12
47977   0   2
47985   0 171
47986   0  77
47987   0 304
47988   0  12
48065   0 142
48066   0 266
48067   0 304
48068   0  12
48073   0   2
48081   0  22
48082   0  15
48083   0 312
48084   0  12
48161   0 203
48162   0 177
48163   0 312
48164   0  12
48169   0   2
48177   0 263
48178   0 343
48179   0 317
48180   0  12
48257   0 244
48258   0 130
48259   0 320
48260   0  12
48265   0   2
48273   0 104
48274   0 252
48275   0 325
48276   0  12
48353   0 305
48354   0  41
48355   0 326
48356   0  12
48361   0   2
48369   0 115
48370   0 171
48371   0 333
48372   0  12
48449   0 346
48450   0 352
48451   0 333
48452   0  12
48457   0   2
48465   0 336
48466   0 112
48467   0 341
48468   0  12
48545   0   7
48546   0 264
48547   0 341
48548   0  12
48553   0   2
48561   0 377
48562   0  45
48563   0 347
48564   0  12
48641   0  50
48642   0 235
48643   0 347
48644   0  12
48649   0   2
48657   0 210
48658   0 376
48659   0 354
48660   0  12
48737   0 111
48738   0 166
48739   0 355
48740   0  12
48745   0   2
48753   0  11
48754   0 333
48755   0 362
48756   0  12
48833   0 152
48834   0 117
48835   0 363
48836   0  12
48841   0   2
48849   0 232
48850   0 252
48851   0 370
48852   0  12
48929   0 213
48930   0  30
48931   0 371
48932   0  12
48937   0   2
48945   0 263
48946   0 165
48947   0 376
48948   0  12
49025   0 254
49026   0 341
49027   0 376
49028   0  12
49033   0   2
49041   0 344
49042   0  72
49043   0   4
49044   0  13
49121   0 315
49122   0 252
49123   0   4
49124   0  13
49129   0   2
49137   0 335
49138   0  15
49139   0  12
49140   0  13
49217   0 356
49218   0 203
49219   0  12
49220   0  13
49225   0   2
49233   0 106
49234   0 347
49235   0  17
49236   0  13
49313   0  17
49314   0 135
49315   0  20
49316   0  13
49321   0   2
49329   0  17
49330   0 315
49331   0  25
49332   0  13
49409   0  60
49410   0  66
49411   0  26
49412   0  13
49417   0   2
49425   0 150
49426   0 230
49427   0  33
49428   0  13
49505   0 121
49506   0  17
49507   0  34
49508   0  13
49513   0   2
49521   0 261
49522   0 147
49523   0  41
49524   0  13
49601   0 162
49602   0 330
49603   0  41
49604   0  13
49609   0   2
49617   0 332
49618   0  56
49619   0  47
49620   0  13
49697   0 223
49698   0 241
49699   0  47
49700   0  13
49705   0   2
49713   0  73
49714   0 372
49715   0  54
49716   0  13
49793   0 264
49794   0 152
49795   0  55
49796   0  13
49801   0   2
49809   0 254
49810   0 301
49811   0  62
49812   0  13
49889   0 325
49890   0  63
49891   0  63
49892   0  13
49897   0   2
49905   0  25
49906   0 235
49907   0  70
49908   0  13
49985   0 366
49986   0  14
49987   0  71
49988   0  13
49993   0   2
50001   0 326
50002   0 151
50003   0  76
50004   0  13
50081   0  27
50082   0 326
50083   0  76
50084   0  13
50089   0   2
50097   0 207
50098   0  52
50099   0 104
50100   0  13
50177   0  70
50178   0 237
50179   0 104
50180   0  13
50185   0   2
50193   0 110
50194   0 371
50195   0 111
50196   0  13
50273   0 131
50274   0 150
50275   0 112
50276   0  13
50281   0   2
50289   0 271
50290   0 300
50291   0 117
50292   0  13
50369   0 172
50370   0  61
50371   0 120
50372   0  13
50377   0   2
50385   0 252
50386   0 214
50387   0 125
50388   0  13
50465   0 233
50466   0 372
50467   0 125
50468   0  13
50473   0   2
50481   0 243
50482   0 137
50483   0 133
50484   0  13
50561   0 274
50562   0 323
50563   0 133
50564   0  13
50569   0   2
50577   0  54
50578   0  72
50579   0 141
50580   0  13
50657   0 335
50658   0 254
50659   0 141
50660   0  13
50665   0   2
50673   0  65
50674   0   7
50675   0 147
50676   0  13
50753   0 376
50754   0 165
50755   0 147
50756   0  13
50761   0   2
50769   0   6
50770   0 333
50771   0 154
50772   0  13
50849   0  37
50850   0 117
50851   0 155
50852   0  13
50857   0   2
50865   0 337
50866   0 252
50867   0 162
50868   0  13
50945   0 100
50946   0  30
50947   0 163
50948   0  13
50953   0   2
50961   0 140
50962   0 167
50963   0 170
50964   0  13
51041   0 141
51042   0 341
51043   0 170
51044   0  13
51049   0   2
51057   0 251
51058   0 110
51059   0 176
51060   0  13
51137   0 202
51138   0 272
51139   0 176
51140   0  13
51145   0   2
51153   0  22
51154   0  20
51155   0 204
51156   0  13
51233   0 243
51234   0 203
51235   0 204
51236   0  13
51241   0   2
51249   0 323
51250   0 336
51251   0 211
51252   0  13
51329   0 304
51330   0 114
51331   0 212
51332   0  13
51337   0   2
51345   0  14
51346   0 253
51347   0 217
51348   0  13
51425   0 345
51426   0  25
51427   0 220
51428   0  13
51433   0   2
51441   0 365
51442   0 157
51443   0 225
51444   0  13
51521   0   6
51522   0 337
51523   0 225
51524   0  13
51529   0   2
51537   0 316
51538   0 101
51539   0 233
51540   0  13
51617   0  47
51618   0 270
51619   0 233
51620   0  13
51625   0   2
51633   0  57
51634   0  35
51635   0 241
51636   0  13
51713   0 110
51714   0 221
51715   0 241
51716   0  13
51721   0   2
51729   0 220
51730   0 357
51731   0 246
51732   0  13
51809   0 151
51810   0 132
51811   0 247
51812   0  13
51817   0   2
51825   0 371
51826   0 301
51827   0 254
51828   0  13
51905   0 212
51906   0  63
51907   0 255
51908   0  13
51913   0   2
51921   0  22
51922   0 224
51923   0 262
51924   0  13
52001   0 253
52002   0  14
52003   0 263
52004   0  13
52009   0   2
52017   0 303
52018   0 133
52019   0 270
52020   0  13
52097   0 314
52098   0 305
52099   0 270
52100   0  13
52105   0   2
52113   0  74
52114   0  54
52115   0 276
52116   0  13
52193   0 355
52194   0 236
52195   0 276
52196   0  13
52201   0   2
52209   0  35
52210   0   3
52211   0 304
52212   0  13
52289   0  16
52290   0 170
52291   0 304
52292   0  13
52297   0   2
52305   0 366
52306   0 333
52307   0 311
52308   0  13
52385   0  57
52386   0 121
52387   0 312
52388   0  13
52393   0   2
52401   0  67
52402   0 266
52403   0 317
52404   0  13
52481   0 120
52482   0  52
52483   0 320
52484   0  13
52489   0   2
52497   0 110
52498   0 212
52499   0 325
52500   0  13
52577   0 161
52578   0 363
52579   0 325
52580   0  13
52585   0   2
52593   0 311
52594   0 126
52595   0 333
52596   0  13
52673   0 222
52674   0 314
52675   0 333
52676   0  13
52681   0   2
52689   0 162
52690   0  51
52691   0 341
52692   0  13
52769   0 263
52770   0 225
52771   0 341
52772   0  13
52777   0   2
52785   0 233
52786   0 371
52787   0 346
52788   0  13
52865   0 324
52866   0 156
52867   0 347
52868   0  13
52873   0   2
52881   0  54
52882   0 300
52883   0 354
52884   0  13
52961   0 365
52962   0  67
52963   0 355
52964   0  13
52969   0   2
52977   0 145
52978   0 214
52979   0 362
52980   0  13
53057   0  26
53058   0   1
53059   0 363
53060   0  13
53065   0   2
53073   0  76
53074   0 136
53075   0 370
53076   0  13
53153   0  67
53154   0 312
53155   0 370
53156   0  13
53161   0   2
53169   0 267
53170   0  43
53171   0 376
53172   0  13
53249   0 130
53250   0 223
53251   0 376
53252   0  13
53257   0   2
53265   0  30
53266   0 370
53267   0   3
53268   0  14
53345   0 171
53346   0 154
53347   0   4
53348   0  14
53353   0   2
53361   0 171
53362   0 312
53363   0  11
53364   0  14
53441   0 232
53442   0  65
53443   0  12
53444   0  14
53449   0   2
53457   0 312
53458   0 231
53459   0  17
53460   0  14
53537   0 273
53538   0  16
53539   0  20
53540   0  14
53545   0   2
53553   0 103
53554   0 157
53555   0  25
53556   0  14
53633   0 334
53634   0 347
53635   0  25
53636   0  14
53641   0   2
53649   0 244
53650   0 101
53651   0  33
53652   0  14
53729   0 375
53730   0 260
53731   0  33
53732   0  14
53737   0   2
53745   0 365
53746   0  20
53747   0  41
53748   0  14
53825   0  36
53826   0 172
53827   0  41
53828   0  14
53833   0   2
53841   0 146
53842   0 317
53843   0  46
53844   0  14
53921   0  77
53922   0 103
53923   0  47
53924   0  14
53929   0   2
53937   0 117
53938   0 235
53939   0  54
53940   0  14
54017   0 140
54018   0  14
54019   0  55
54020   0  14
54025   0   2
54033   0 330
54034   0 147
54035   0  62
54036   0  14
54113   0 201
54114   0 325
54115   0  62
54116   0  14
54121   0   2
54129   0 261
54130   0  60
54131   0  70
54132   0  14
54209   0 242
54210   0 236
54211   0  70
54212   0  14
54217   0   2
54225   0 242
54226   0 374
54227   0  75
54228   0  14
54305   0 303
54306   0 147
54307   0  76
54308   0  14
54313   0   2
54321   0 373
54322   0 311
54323   0 103
54324   0  14
54401   0 344
54402   0 100
54403   0 104
54404   0  14
54409   0   2
54417   0  54
54418   0 250
54419   0 111
54420   0  14
54497   0   5
54498   0  32
54499   0 112
54500   0  14
54505   0   2
54513   0 205
54514   0 163
54515   0 117
54516   0  14
54593   0  46
54594   0 343
54595   0 117
54596   0  14
54601   0   2
54609   0  46
54610   0  70
54611   0 125
54612   0  14
54689   0 107
54690   0 254
54691   0 125
54692   0  14
54697   0   2
54705   0 177
54706   0  27
54707   0 133
54708   0  14
54785   0 150
54786   0 205
54787   0 133
54788   0  14
54793   0   2
54801   0 220
54802   0 353
54803   0 140
54804   0  14
54881   0 211
54882   0 136
54883   0 141
54884   0  14
54889   0   2
54897   0 331
54898   0 303
54899   0 146
54900   0  14
54977   0 252
54978   0  67
54979   0 147
54980   0  14
54985   0   2
54993   0  62
54994   0 241
54995   0 154
54996   0  14
55073   0 313
55074   0  20
55075   0 155
55076   0  14
55081   0   2
55089   0 333
55090   0 163
55091   0 162
55092   0  14
55169   0 354
55170   0 351
55171   0 162
55172   0  14
55177   0   2
55185   0  34
55186   0 116
55187   0 170
55188   0  14
55265   0  15
55266   0 303
55267   0 170
55268   0  14
55273   0   2
55281   0 215
55282   0  45
55283   0 176
55284   0  14
55361   0  56
55362   0 234
55363   0 176
55364   0  14
55369   0   2
55377   0 346
55378   0 360
55379   0 203
55380   0  14
55457   0 117
55458   0 145
55459   0 204
55460   0  14
55465   0   2
55473   0 257
55474   0 306
55475   0 211
55476   0  14
55553   0 160
55554   0  76
55555   0 212
55556   0  14
55561   0   2
55569   0 220
55570   0 235
55571   0 217
55572   0  14
55649   0 221
55650   0   7
55651   0 220
55652   0  14
55657   0   2
55665   0 101
55666   0 136
55667   0 225
55668   0  14
55745   0 262
55746   0 320
55747   0 225
55748   0  14
55753   0   2
55761   0 352
55762   0  51
55763   0 233
55764   0  14
55841   0 323
55842   0 231
55843   0 233
55844   0  14
55849   0   2
55857   0 373
55858   0 377
55859   0 240
55860   0  14
55937   0 364
55938   0 162
55939   0 241
55940   0  14
55945   0   2
55953   0 204
55954   0 321
55955   0 246
55956   0  14
56033   0  25
56034   0  74
56035   0 247
56036   0  14
56041   0   2
56049   0  55
56050   0 235
56051   0 254
56052   0  14
56129   0  66
56130   0  25
56131   0 255
56132   0  14
56137   0   2
56145   0  76
56146   0 172
56147   0 262
56148   0  14
56225   0 127
56226   0 356
56227   0 262
56228   0  14
56233   0   2
56241   0 227
56242   0 116
56243   0 270
56244   0  14
56321   0 170
56322   0 307
56323   0 270
56324   0  14
56329   0   2
56337   0 140
56338   0  53
56339   0 276
56340   0  14
56417   0 231
56418   0 240
56419   0 276
56420   0  14
56425   0   2
56433   0 361
56434   0   3
56435   0 304
56436   0  14
56513   0 272
56514   0 171
56515   0 304
56516   0  14
56521   0   2
56529   0 232
56530   0 326
56531   0 311
56532   0  14
56609   0 333
56610   0 102
56611   0 312
56612   0  14
56617   0   2
56625   0 273
56626   0 226
56627   0 317
56628   0  14
56705   0 374
56706   0  13
56707   0 320
56708   0  14
56713   0   2
56721   0 154
56722   0 162
56723   0 325
56724   0  14
56801   0  35
56802   0 345
56803   0 325
56804   0  14
56809   0   2
56817   0  65
56818   0 106
56819   0 333
56820   0  14
56897   0  76
56898   0 276
56899   0 333
56900   0  14
56905   0   2
56913   0 246
56914   0  24
56915   0 341
56916   0  14
56993   0 137
56994   0 207
56995   0 341
56996   0  14
57001   0   2
57009   0 377
57010   0 374
57011   0 346
57012   0  14
57089   0 200
57090   0 160
57091   0 347
57092   0  14
57097   0   2
57105   0 340
57106   0 332
57107   0 354
57108   0  14
57185   0 241
57186   0 111
57187   0 355
57188   0  14
57193   0   2
57201   0  41
57202   0 254
57203   0 362
57204   0  14
57281   0 302
57282   0  42
57283   0 363
57284   0  14
57289   0   2
57297   0 352
57298   0 177
57299   0 370
57300   0  14
57377   0 343
57378   0 353
57379   0 370
57380   0  14
57385   0   2
57393   0 243
57394   0 120
57395   0 376
57396   0  14
57473   0   4
57474   0 305
57475   0 376
57476   0  14
57481   0   2
57489   0 304
57490   0  40
57491   0   4
57492   0  15
57569   0  45
57570   0 216
57571   0   4
57572   0  15
57577   0   2
57585   0  35
57586   0 345
57587   0  11
57588   0  15
57665   0 106
57666   0 127
57667   0  12
57668   0  15
57673   0   2
57681   0 136
57682   0 257
57683   0  17
57684   0  15
57761   0 147
57762   0  40
57763   0  20
57764   0  15
57769   0   2
57777   0 347
57778   0 171
57779   0  25
57780   0  15
57857   0 210
57858   0 351
57859   0  25
57860   0  15
57865   0   2
57873   0 120
57874   0 114
57875   0  33
57876   0  15
57953   0 251
57954   0 302
57955   0  33
57956   0  15
57961   0   2
57969   0  21
57970   0  42
57971   0  41
57972   0  15
58049   0 312
58050   0 213
58051   0  41
58052   0  15
58057   0   2
58065   0 132
58066   0 363
58067   0  46
58068   0  15
58145   0 353
58146   0 144
58147   0  47
58148   0  15
58153   0   2
58161   0 373
58162   0 276
58163   0  54
58164   0  15
58241   0  14
58242   0  56
58243   0  55
58244   0  15
58249   0   2
58257   0 324
58258   0 220
58259   0  62
58260   0  15
58337   0  55
58338   0   7
58339   0  63
58340   0  15
58345   0   2
58353   0  35
58354   0 151
58355   0  70
58356   0  15
58433   0 116
58434   0 340
58435   0  70
58436   0  15
58441   0   2
58449   0  66
58450   0  73
58451   0  76
58452   0  15
58529   0 157
58530   0 251
58531   0  76
58532   0  15
58537   0   2
58545   0 207
58546   0   1
58547   0 104
58548   0  15
58625   0 220
58626   0 162
58627   0 104
58628   0  15
58633   0   2
58641   0 100
58642   0 311
58643   0 111
58644   0  15
58721   0 261
58722   0  73
58723   0 112
58724   0  15
58729   0   2
58737   0 321
58738   0 221
58739   0 117
58740   0  15
58817   0 322
58818   0   4
58819   0 120
58820   0  15
58825   0   2
58833   0 112
58834   0 140
58835   0 125
58836   0  15
58913   0 363
58914   0 315
58915   0 125
58916   0  15
58921   0   2
58929   0 223
58930   0  50
58931   0 133
58932   0  15
59009   0  24
59010   0 227
59011   0 133
59012   0  15
59017   0   2
59025   0  14
59026   0 367
59027   0 140
59028   0  15
59105   0  65
59106   0 140
59107   0 141
59108   0  15
59113   0   2
59121   0 345
59122   0 277
59123   0 146
59124   0  15
59201   0 126
59202   0  51
59203   0 147
59204   0  15
59209   0   2
59217   0 226
59218   0 211
59219   0 154
59220   0  15
59297   0 167
59298   0   2
59299   0 155
59300   0  15
59305   0   2
59313   0  57
59314   0 151
59315   0 162
59316   0  15
59393   0 230
59394   0 333
59395   0 162
59396   0  15
59401   0   2
59409   0  50
59410   0 103
59411   0 170
59412   0  15
59489   0 271
59490   0 264
59491   0 170
59492   0  15
59497   0   2
59505   0 121
59506   0  10
59507   0 176
59508   0  15
59585   0 332
59586   0 175
59587   0 176
59588   0  15
59593   0   2
59601   0 272
59602   0 332
59603   0 203
59604   0  15
59681   0 373
59682   0 106
59683   0 204
59684   0  15
59689   0   2
59697   0 133
59698   0 250
59699   0 211
59700   0  15
59777   0  34
59778   0  40
59779   0 212
59780   0  15
59785   0   2
59793   0  74
59794   0 177
59795   0 217
59796   0  15
59873   0  75
59874   0 351
59875   0 217
59876   0  15
59881   0   2
59889   0 345
59890   0 101
59891   0 225
59892   0  15
59969   0 136
59970   0 262
59971   0 225
59972   0  15
59977   0   2
59985   0 346
59986   0  33
59987   0 233
59988   0  15
60065   0 177
60066   0 213
60067   0 233
60068   0  15
60073   0   2
60081   0 357
60082   0 350
60083   0 240
60084   0  15
60161   0 240
60162   0 124
60163   0 241
60164   0  15
60169   0   2
60177   0 220
60178   0 255
60179   0 246
60180   0  15
60257   0 301
60258   0  35
60259   0 247
60260   0  15
60265   0   2
60273   0 361
60274   0 170
60275   0 254
60276   0  15
60353   0 342
60354   0 346
60355   0 254
60356   0  15
60361   0   2
60369   0 372
60370   0 120
60371   0 262
60372   0  15
60449   0   3
60450   0 300
60451   0 262
60452   0  15
60457   0   2
60465   0 353
60466   0  54
60467   0 270
60468   0  15
60545   0  44
60546   0 231
60547   0 270
60548   0  15
60553   0   2
60561   0  54
60562   0 354
60563   0 275
60564   0  15
60641   0 105
60642   0 142
60643   0 276
60644   0  15
60649   0   2
60657   0 345
60658   0 274
60659   0 303
60660   0  15
60737   0 146
60738   0  53
60739   0 304
60740   0  15
60745   0   2
60753   0 356
60754   0 213
60755   0 311
60756   0  15
60833   0 207
60834   0   4
60835   0 312
60836   0  15
60841   0   2
60849   0 217
60850   0 140
60851   0 317
60852   0  15
60929   0 250
60930   0 315
60931   0 317
60932   0  15
60937   0   2
60945   0  50
60946   0  47
60947   0 325
60948   0  15
61025   0 311
61026   0 226
61027   0 325
61028   0  15
61033   0   2
61041   0 261
61042   0 372
61043   0 332
61044   0  15
61121   0 352
61122   0 157
61123   0 333
61124   0  15
61129   0   2
61137   0 352
61138   0 326
61139   0 340
61140   0  15
61217   0  13
61218   0 111
61219   0 341
61220   0  15
61225   0   2
61233   0 373
61234   0 252
61235   0 346
61236   0  15
61313   0  54
61314   0  42
61315   0 347
61316   0  15
61321   0   2
61329   0 104
61330   0 172
61331   0 354
61332   0  15
61409   0 115
61410   0 353
61411   0 354
61412   0  15
61417   0   2
61425   0 235
61426   0 131
61427   0 362
61428   0  15
61505   0 156
61506   0 304
61507   0 362
61508   0  15
61513   0   2
61521   0  66
61522   0  47
61523   0 370
61524   0  15
61601   0 217
61602   0 235
61603   0 370
61604   0  15
61609   0   2
61617   0 337
61618   0 371
61619   0 375
61620   0  15
61697   0 260
61698   0 146
61699   0 376
61700   0  15
61705   0   2
61713   0 110
61714   0 314
61715   0   3
61716   0  16
61793   0 321
61794   0  77
61795   0   4
61796   0  16
61801   0   2
61809   0 101
61810   0 235
61811   0  11
61812   0  16
61889   0 362
61890   0  10
61891   0  12
61892   0  16
61897   0   2
61905   0 262
61906   0 155
61907   0  17
61908   0  16
61985   0  23
61986   0 342
61987   0  17
61988   0  16
61993   0   2
62001   0  43
62002   0  74
62003   0  25
62004   0  16
62081   0  64
62082   0 253
62083   0  25
62084   0  16
62089   0   2
62097   0 374
62098   0   4
62099   0  33
62100   0  16
62177   0 125
62178   0 164
62179   0  33
62180   0  16
62185   0   2
62193   0 275
62194   0 323
62195   0  40
62196   0  16
62273   0 166
62274   0  75
62275   0  41
62276   0  16
62281   0   2
62289   0 126
62290   0 232
62291   0  46
62292   0  16
62369   0 227
62370   0   6
62371   0  47
62372   0  16
62377   0   2
62385   0 267
62386   0 145
62387   0  54
62388   0  16
62465   0 270
62466   0 317
62467   0  54
62468   0  16
62473   0   2
62481   0 130
62482   0  74
62483   0  62
62484   0  16
62561   0 331
62562   0 250
62563   0  62
62564   0  16
62569   0   2
62577   0 211
62578   0  10
62579   0  70
62580   0  16
62657   0 372
62658   0 161
62659   0  70
62660   0  16
62665   0   2
62673   0  42
62674   0 317
62675   0  75
62676   0  16
62753   0  33
62754   0  73
62755   0  76
62756   0  16
62761   0   2
62769   0 333
62770   0 226
62771   0 103
62772   0  16
62849   0  74
62850   0   4
62851   0 104
62852   0  16
62857   0   2
62865   0   4
62866   0 147
62867   0 111
62868   0  16
62945   0 135
62946   0 335
62947   0 111
62948   0  16
62953   0   2
62961   0 345
62962   0  75
62963   0 117
62964   0  16
63041   0 176
63042   0 266
63043   0 117
63044   0  16
63049   0   2
63057   0  66
63058   0  35
63059   0 125
63060   0  16
63137   0 237
63138   0 217
63139   0 125
63140   0  16
63145   0   2
63153   0  77
63154   0 341
63155   0 132
63156   0  16
63233   0 300
63234   0 130
63235   0 133
63236   0  16
63241   0   2
63249   0  20
63250   0 276
63251   0 140
63252   0  16
63329   0 341
63330   0  61
63331   0 141
63332   0  16
63337   0   2
63345   0 171
63346   0 227
63347   0 146
63348   0  16
63425   0   2
63426   0  13
63427   0 147
63428   0  16
63433   0   2
63441   0 122
63442   0 147
63443   0 154
63444   0  16
63521   0  43
63522   0 324
63523   0 154
63524   0  16
63529   0   2
63537   0 213
63538   0  52
63539   0 162
63540   0  16
63617   0 104
63618   0 235
63619   0 162
63620   0  16
63625   0   2
63633   0 204
63634   0 364
63635   0 167
63636   0  16
63713   0 145
63714   0 146
63715   0 170
63716   0  16
63721   0   2
63729   0  55
63730   0 267
63731   0 175
63732   0  16
63809   0 206
63810   0  57
63811   0 176
63812   0  16
63817   0   2
63825   0  16
63826   0 242
63827   0 203
63828   0  16
63905   0 247
63906   0  30
63907   0 204
63908   0  16
63913   0   2
63921   0 177
63922   0 200
63923   0 211
63924   0  16
64001   0 310
64002   0 361
64003   0 211
64004   0  16
64009   0   2
64017   0 260
64018   0 125
64019   0 217
64020   0  16
64097   0 351
64098   0 312
64099   0 217
64100   0  16
64105   0   2
64113   0  21
64114   0  72
64115   0 225
64116   0  16
64193   0  12
64194   0 244
64195   0 225
64196   0  16
64201   0   2
64209   0  72
64210   0  10
64211   0 233
64212   0  16
64289   0  53
64290   0 175
64291   0 233
64292   0  16
64297   0   2
64305   0  33
64306   0 350
64307   0 240
64308   0  16
64385   0 114
64386   0 126
64387   0 241
64388   0  16
64393   0   2
64401   0 324
64402   0 255
64403   0 246
64404   0  16
64481   0 155
64482   0  37
64483   0 247
64484   0  16
64489   0   2
64497   0 235
64498   0 172
64499   0 254
64500   0  16
64577   0 216
64578   0 350
64579   0 254
64580   0  16
64585   0   2
64593   0 116
64594   0  62
64595   0 262
64596   0  16
64673   0 257
64674   0 241
64675   0 262
64676   0  16
64681   0   2
64689   0 127
64690   0 372
64691   0 267
64692   0  16
64769   0 320
64770   0 152
64771   0 270
64772   0  16
64777   0   2
64785   0  20
64786   0 271
64787   0 275
64788   0  16
64865   0 361
64866   0  43
64867   0 276
64868   0  16
64873   0   2
64881   0 141
64882   0 201
64883   0 303
64884   0  16
64961   0  22
64962   0 355
64963   0 303
64964   0  16
64969   0   2
64977   0 272
64978   0  74
64979   0 311
64980   0  16
65057   0  63
65058   0 246
65059   0 311
65060   0  16
65065   0   2
65073   0 113
65074   0   7
65075   0 317
65076   0  16
65153   0 124
65154   0 177
65155   0 317
65156   0  16
65161   0   2
65169   0  24
65170   0 355
65171   0 324
65172   0  16
65249   0 165
65250   0 130
65251   0 325
65252   0  16
65257   0   2
65265   0  45
65266   0 270
65267   0 332
65268   0  16
65345   0 226
65346   0  41
65347   0 333
65348   0  16
65353   0   2
65361   0  56
65362   0 165
65363   0 340
65364   0  16
65441   0 267
65442   0 352
65443   0 340
65444   0  16
65449   0   2
65457   0 357
65458   0 114
65459   0 346
65460   0  16
root@7b35b88d6432:/app#