30
30
30
30
30
6 6
6 6
6 14 6
6 14 6
8 10 8
2 5 10 8
1 6 10
2 7 10
30
30
30
6 6
6 6
14 14
14 14
14 14
14 14
6 6
6 6
27 2
26 1
14 11 2
14 14
10 10
8 8
6 10 6
5 14 5
5 16 5
30
30
6 6
6 6
7 21
7 19
9 17
11 15
13 13
3 11 11
2 12 9
3 15 7
21 7
6 6
6 6
30
30
30
30
30
6 2 6
6 2 6
30
30
28 1
27
28 1
10 10
8 8
6 10 6
6 14 6
5 16 5
5 16 5
5 16 5
5 16 5
5 16 5
5 12 5
7 12 7
1 28
27
1 28
30
5 5
5 5
5 7 7 2 2
5 7 7 1 1
5 7 7 2 2
5 7 7 5
5 7 7 5
5 7 7 5
5 7 7 5
5 7 7 5
30
30
30
30
30
5 2 5
5 2 5
30
30
30
30
30
5 10
2 2 8
1 16 6
2 19 6
23 5
23 5
23 5
23 5
23 5
22 5
20 6
5 8
5 10
30
30
30
27 2
5 19 1
5 18 2
7 17
9 15
13 11
15 9
19 7
21 5
23 5
23 5
21 5
19 7
15 9
13 11
9 15
7 17
1 3 21
2 23
1 3 23
5 21
7 17
9 15
13 11
15 9
19 7
21 5
23 5
23 5
21 5
19 7
15 9
13 11
9 15
7 17
5 17 3
5 18 2
26 3
30
30
30
5 10
5 8
20 6
22 5
2 20 5
1 19 5
2 20 5
23 5
23 5
22 5
20 6
5 8
5 10
30
30
30
5 2 5
5 2 5
30
30
30
30
5 16 5
5 13 5
6 9 6
8 8
10 10
14 14
14 14
3 26
2 25
3 26
30
30
30
30
27 2
26 1
27 2
30
30
30
30
30
30
30