72 58 68
11 59 25 30 26 40
10 30 28 25 30 26 23 15
11 30 54 59 23 14
43 140 15
31 31 5 5 5 9 4 14 14 9 34 22
5 7 4 6 2 9 5 7 5 5 5 9 4 14 14 9 34 21
5 7 4 6 3 7 5 7 5 4 13 5 9 5 12 2 12 5 9 3 5 21
5 2 5 4 5 4 7 13 6 4 13 5 9 5 12 2 12 5 9 3 6 20
5 2 5 4 5 4 16 13 12 13 5 9 6 10 4 10 6 9 3 6 20
5 4 3 4 4 5 1 6 5 5 13 13 5 9 6 10 4 10 6 9 3 7 19
5 4 3 4 4 5 2 5 5 5 13 13 5 9 6 10 4 10 6 9 3 7 19
5 4 3 4 4 5 2 5 5 5 13 13 5 9 6 10 4 10 6 5 3 7 19
5 4 3 4 4 5 3 4 5 5 13 13 5 9 7 8 6 8 7 9 3 7 19
5 4 3 2 5 3 4 5 5 13 5 5 9 7 8 6 8 7 9 3 7 17
5 4 3 2 5 4 3 5 5 13 5 5 9 8 6 8 6 8 5 3 7 17
5 4 3 4 4 5 4 3 5 5 13 13 5 9 8 6 8 6 8 9 3 7 19
5 4 3 4 4 5 5 2 5 5 13 13 5 9 8 6 8 6 8 9 3 7 19
5 4 3 4 4 5 5 2 5 5 13 13 5 9 8 6 8 6 8 9 3 7 19
5 4 3 4 4 5 6 1 5 5 13 13 5 9 9 4 10 4 9 9 3 6 19
5 2 5 4 5 6 1 5 6 12 13 6 7 10 4 10 5 10 7 4 6 20
5 2 5 4 5 4 7 5 6 6 4 21 7 11 2 12 2 11 7 11 20
5 7 4 6 3 7 5 7 5 4 22 5 12 2 12 2 12 5 12 21
5 7 4 6 2 9 5 7 5 5 5 7 13 14 13 5 4 21
31 31 5 5 9 14 14 14 64 22
149 50
25 52 35 33 40 8
24 31 18 33 33 40 7
25 31 18 35 76 8
58 141